,e_train,e_test,e_penalty
0,0.01403965934766209,0.012209900902083175,4.876273462438106
1,0.010090470718331988,0.009145179168980139,5.187801377398282
2,0.009669914537199946,0.009108661261917372,5.387960668021435
3,0.008348647511854325,0.0077348051497822,5.5049237493308425
4,0.009507283983663812,0.009041084834314988,5.521450929204853
5,0.009979903475055122,0.009305684996803043,5.552490279907825
6,0.008248872424031703,0.007643721713149969,5.5294492474445605
7,0.008351044996392531,0.007722104280521965,5.540723807754089
8,0.010124781903396544,0.009469170801198632,5.516098048036104
9,0.008242680534907567,0.007586332712941965,5.553895072626171
10,0.008259619728954278,0.007677872974851436,5.54208111967143
11,0.008258153196156193,0.007702645898581775,5.535646707561227
12,0.008125080586556347,0.007592351416925807,5.514232305364992
13,0.008259534785731312,0.0078045225163446,5.48972739962263
14,0.008158811632547011,0.00764662295543191,5.494952715883886
15,0.008144696282570037,0.007578970283660673,5.443117939297435
16,0.00806349726633518,0.007493531291386889,5.464227151742731
17,0.00823437332253568,0.007627055695034968,5.471423574261493
18,0.00897815606946931,0.00830873252518762,5.475151213714652
19,0.010814825888782355,0.01011069058896796,5.4700103918034895
20,0.009467595274188948,0.008948413150907913,5.4956805439333625
21,0.009041619902403736,0.00855042957580495,5.496394866464373
22,0.00936385500674025,0.008892611907139594,5.484319358651197
23,0.008099881346091724,0.007601889835850379,5.477785141445553
24,0.008128926417610604,0.007532296297958754,5.504775966615373
25,0.008011124088657041,0.00744128755714435,5.523669931347005
26,0.007974336790427543,0.007368649083873419,5.5427789075983815
27,0.008009185036457114,0.007450471492835164,5.52972780975561
28,0.00802807955632661,0.007502410407563758,5.529264673181247
29,0.008210136606486803,0.007704008194205833,5.5316325976592635
30,0.007948270827115298,0.00736274007273967,5.539706766584479
31,0.010895287255446078,0.010462681132853478,5.52149244384644
32,0.009814741645738033,0.009223369815305534,5.504168153572149
33,0.008216900100868351,0.007776271564664768,5.4983040759376225
34,0.010469448905027214,0.009870412135064363,5.486975236504746
35,0.008786911480078517,0.008366052706241193,5.502868280248441
36,0.007986522499316714,0.007454793303336188,5.512107723576909
37,0.008228021863411653,0.007612260990550148,5.516821533124425
38,0.007913362028357879,0.007337593522160178,5.552820236143182
39,0.007911180948482761,0.007387651785263628,5.544424863343373
40,0.008123606379186153,0.007566246502011937,5.51270881285121
41,0.009084859726993175,0.008683106350148491,5.506825355560536
42,0.007924960852299422,0.007390418653355943,5.52930247625881
43,0.008060414212096252,0.00752446388232106,5.5271533910277135
44,0.008456425716512277,0.007934368422597397,5.510316281149765
45,0.008113233315669093,0.007575172748507569,5.512883828787846
46,0.009470301750961113,0.008840196422875011,5.514752220084171
47,0.008163980271921665,0.007590916530083544,5.534297392237601
48,0.008159550301320486,0.007434132254756336,5.534773252597461
49,0.008017678944708681,0.007385656619760914,5.504673664457365
50,0.008023691926402055,0.007354381084482549,5.485715808870523
51,0.00948732760587634,0.008864133868957113,5.512438014542829
52,0.008105806322217964,0.007476548260059983,5.5087224416673966
53,0.00832354167050137,0.0076812459544921795,5.495280874510916
54,0.007936581299516155,0.0074190037973448225,5.523515606583674
55,0.008620770404766697,0.007983973827857885,5.5273724839913605
56,0.008684976742063099,0.008048014082791611,5.520376773335097
57,0.009049597572122033,0.00857997093689173,5.48960173493381
58,0.008684566250463191,0.008215756944614603,5.492196312029122
59,0.00794302688709053,0.007423562290287427,5.483087345639487
60,0.008482161868501379,0.00793698547300942,5.5006980672789165
61,0.009224767975746367,0.008777944622020873,5.511445535283547
62,0.00788660294836383,0.007314476066629837,5.533071389774754
63,0.008205738539743445,0.00762059667243476,5.522465727285262
64,0.008590410977876082,0.00805021905707473,5.534882295113487
65,0.010554752442486041,0.010113524691844008,5.524927915240376
66,0.008559404055028174,0.008135418469416312,5.509612028173368
67,0.008362330976326104,0.007886152510186253,5.508478742944684
68,0.007910207558881369,0.007393121048974863,5.4931118826773595
69,0.007915977926468244,0.00741399549551949,5.488034985059666
70,0.0079251400678856,0.00749076523202516,5.49071271733088
71,0.008512938747046736,0.008155841487791146,5.508519428052651
72,0.009188601114885477,0.008685827755595638,5.493884447090091
73,0.009202594502086802,0.008746211992116566,5.532607662163922
74,0.00794014657227504,0.007411210574113213,5.523446836092996
75,0.007898423907564074,0.007441060912032422,5.519131839999714
76,0.01034745362121031,0.009879242518961743,5.524705547703116
77,0.007881970020108955,0.007339880591212334,5.5261385619063255
78,0.007893868306960566,0.0073635661019555865,5.504608908214476
79,0.009397395991612226,0.008824572281307824,5.501278279357703
80,0.010925633806864158,0.01033701108425127,5.498248904699384
81,0.01038794177956934,0.009783411646709187,5.48978337002367
82,0.009289560229366754,0.008834980308989084,5.492240903727563
83,0.008061054181569374,0.007471762980338581,5.489024738038745
84,0.008996299855846757,0.008381519074742931,5.525373031474482
85,0.008432064931035191,0.007863975986202311,5.506238096340487
86,0.008880937292692832,0.008464852525463622,5.485389663244149
87,0.008192927662514936,0.0077467159256039905,5.480236690395662
88,0.007996746464552982,0.007613521620417183,5.477915699693886
89,0.009767703171481084,0.00928548941126944,5.492054206620824
90,0.007970800557632184,0.007565797469194074,5.490269712271213
91,0.008118451933266381,0.0076954163980081725,5.479601662087498
92,0.008497459294661742,0.007912204405633727,5.4976963297457555
93,0.007932607861340158,0.007443831271729266,5.47217248620657
94,0.008223803455629519,0.0077880849652705855,5.457948088662022
95,0.012165284295132675,0.011875704026885028,5.476402005135859
96,0.009148802412235976,0.008777836060529048,5.489656292826359
97,0.007896704334731827,0.007401812321317546,5.494528754793937
98,0.009204879531356012,0.008778530110964567,5.5064352594344514
99,0.008077467899845075,0.007651575475659877,5.518511824876283
100,0.008973289522556554,0.008458970285077125,5.5295954507482135
101,0.008743606334104983,0.008283488458724179,5.519378522821988
102,0.008201048230190165,0.007811450245133798,5.479871076330161
103,0.00836438364751317,0.008016910775563817,5.461167677214137
104,0.008238749021088542,0.007719953541719187,5.49394670697278
105,0.008128174666594807,0.007553237295554333,5.519430955515309
106,0.009923497632851922,0.009389843179748104,5.553640574380514
107,0.007918245953308816,0.007409070421041489,5.517784814462832
108,0.009546622225308318,0.00909494626026869,5.518622763314298
109,0.008274013560109969,0.007694133265480441,5.528895558080729
110,0.008979383594891786,0.008440099941884646,5.52876915896104
111,0.007945258030522736,0.0074222800503747815,5.519414805684013
112,0.007845092642746744,0.007293259970157812,5.541292421920804
113,0.008330451524570513,0.0078030403981001065,5.539323268543384
114,0.008090725461531032,0.0075036545181055864,5.549475727101175
115,0.008072568849556953,0.007478088009343549,5.553805457354301
116,0.008040123449944371,0.0075064068702973856,5.51559522896023
117,0.0086818852656255,0.008014613922036827,5.498866773448376
118,0.007904404879921058,0.007298882427140803,5.484915460088436
119,0.00923785714351667,0.008657538572206582,5.5195752548242
120,0.0083697418278343,0.00780575965552137,5.517224314757786
121,0.008202589880887975,0.00766567257237109,5.475064351639377
122,0.008609337709476441,0.00820653319227472,5.472996963964135
123,0.009662662540061458,0.009289061433895374,5.500172404590058
124,0.008006377570421726,0.007533389314765902,5.493988014353707
125,0.008501460863915403,0.007965183936985603,5.516527250324469
126,0.007894958188543827,0.007416128657515075,5.5061305331058055
127,0.008723019107015154,0.00819109244003753,5.514363214492047
128,0.007920338920633992,0.007425636639782432,5.508733907705672
129,0.011853722349316016,0.011543875415532532,5.5007289860754245
130,0.008174110323694176,0.007774119451128259,5.5048569227330955
131,0.007879613638760066,0.007344993381623654,5.529468677303744
132,0.01008136983087962,0.009588709258830104,5.567257847818042
133,0.00785035857604997,0.007385267476391105,5.546642815699858
134,0.007946652906594544,0.0074849945608749845,5.522652201750834
135,0.008530528108093906,0.008093116722551415,5.525373126153964
136,0.007960618728125118,0.007485423075483959,5.530346853827485
137,0.014630404571884994,0.01422322750213433,5.529609136147304
138,0.00810694243425163,0.007575230377913955,5.519592686679283
139,0.007910230230694091,0.00740555278078017,5.524493272274215
140,0.008525598192967368,0.007980703122772864,5.515735852807994
141,0.008183973517584252,0.007649750765684982,5.500854347561505
142,0.008119963949635132,0.007644875042507061,5.508603060449023
143,0.008588562354427285,0.00820088022608107,5.4812683168967915
144,0.010475707305482975,0.009955307767675215,5.4911363299958555
145,0.011348646928402885,0.010786449014467318,5.503214205216729
146,0.009547295623280458,0.008995622971560414,5.519947406720851
147,0.00791213579054897,0.007458513452875978,5.514086675261189
148,0.00973099527570735,0.009318176827143065,5.530923099761369
149,0.007878700118135162,0.007422568179531918,5.528541606947407
150,0.008095697080477747,0.007641741284054222,5.508432250912955
151,0.008294899832000883,0.007825850856822783,5.521305668529124
152,0.00822911619391911,0.0077218091894474174,5.525978052902925
153,0.007917169432698273,0.007460860319884605,5.540394164641613
154,0.007866530699178104,0.007420706557874816,5.520989405809084
155,0.00818511877838054,0.007809830507435937,5.515425193893934
156,0.008030201625565838,0.00756515729317678,5.525989712868672
157,0.00813290475694116,0.007644589605180858,5.532826189590133
158,0.008330619737965943,0.007859892254840501,5.561864254991233
159,0.007812903005455334,0.007269505198323595,5.5664925198384125
160,0.007958940246155528,0.007414977348164863,5.558936145680024
161,0.008702686613845908,0.008084636820065863,5.558050880735973
162,0.008038932751707783,0.007511373019452278,5.5120814281569395
163,0.00791909541458766,0.0074324880052006395,5.509154187445377
164,0.008219029354695142,0.0077442908463675394,5.512804592504509
165,0.008038308150603333,0.007487520873864602,5.570832071324514
166,0.0078342514010562,0.007343223087978971,5.55978637074181
167,0.009736809980408372,0.009183373821520664,5.566495866297302
168,0.008776216216256034,0.008405956504026769,5.536138771255826
169,0.009098195695175063,0.008619440775491457,5.55519021726429
170,0.008257013027406421,0.007828109177690059,5.555296523088576
171,0.007912809107471028,0.007443700864850909,5.5474718357332
172,0.010343291482536975,0.00999571883520197,5.558069361140209
173,0.007813431524067464,0.007362349444367046,5.562345176213722
174,0.008592216162929208,0.008115359907945204,5.550117390158656
175,0.011016073913500762,0.010447346590186696,5.556097480412211
176,0.008764847766955956,0.008207111469210902,5.55538982754152
177,0.008091392893866149,0.007624693887508019,5.5350815783715
178,0.00814310266805121,0.007732937358370098,5.519474715823554
179,0.009405261813407935,0.009003668626444694,5.532134162397757
180,0.0085467626552208,0.008122406034297192,5.517280774873889
181,0.007884958566487597,0.007414695890241606,5.502827864224106
182,0.00829425943154195,0.007833705118140553,5.509424403315718
183,0.009312466508675881,0.008759946597761742,5.5177912392308315
184,0.009638622595568868,0.009059220097796491,5.524747661984273
185,0.008444119511568112,0.00797542277781831,5.5065943358072555
186,0.009248892341892192,0.008697777899744302,5.489507474735255
187,0.00788518093398704,0.0074296928134738325,5.490575372230481
188,0.007962265868329049,0.007464449905887197,5.5095407474188
189,0.008225089671206465,0.007743746979914903,5.533531384076118
190,0.007922731726525772,0.007431857115767052,5.522345600069848
191,0.007847707927077788,0.007320276866060151,5.524623458226534
192,0.007895005068708534,0.00742528051626876,5.499726900836012
193,0.008049629901192871,0.007535365996324981,5.503647745697712
194,0.007888782689022721,0.007430933881189461,5.486980965430931
195,0.008112848289844671,0.00766819005676735,5.4912378848655194
196,0.008665788021400432,0.008202272273607255,5.502481447274302
197,0.008013557676413834,0.007592827332770789,5.507384894252047
198,0.00792350631467777,0.007452886623697264,5.53323045521228
199,0.009046204376211448,0.008452872897351733,5.5640757133378305
200,0.008774106895821681,0.008170996982028281,5.560510831303176
201,0.007813821676404669,0.0072948154337183655,5.558064906660463
202,0.00822485857970207,0.007782904920780438,5.5434575478443
203,0.007913581070854625,0.007452599782379505,5.540839459142438
204,0.009350221815747777,0.00892080254450536,5.5424182319037065
205,0.008368751758505733,0.00798638126858607,5.521779565077235
206,0.007964303422469602,0.007560223278001038,5.527442275649546
207,0.007910106975103116,0.007470437009365046,5.506438845075792
208,0.012450330065961619,0.0119541596841583,5.478249940672255
209,0.00791532228348713,0.007561983922223664,5.483097371435214
210,0.011659160132650915,0.011399109704760631,5.482301203286887
211,0.00796228904038898,0.007509001014507666,5.47849415555402
212,0.00871384428864074,0.008149854961114202,5.474428390866308
213,0.008179312761804957,0.007617823513539908,5.48699525563123
214,0.007914458873959853,0.0074013693135760086,5.4854941188934285
215,0.008348392109944187,0.007814830994607076,5.479268895579
216,0.008006619472382027,0.007450327621067241,5.48845710063422
217,0.00879257453133026,0.008230406089329527,5.487674001803965
218,0.008435710214017535,0.007827497762743447,5.4947948608802015
219,0.007901885511189253,0.007342570657591462,5.469926809319338
220,0.009452574227886396,0.00893680083255092,5.464512385911996
221,0.007927961828695882,0.007391466347882247,5.471302628571307
222,0.00796628799684796,0.007438784549379686,5.452899919901432
223,0.008161945486768405,0.007615672832973702,5.464780179104939
224,0.008605658673482718,0.008056072253402463,5.46829165631353
225,0.008018296817480279,0.007493784831350129,5.485200531182002
226,0.008419815077294106,0.007694587952266207,5.489710656668963
227,0.008302884817836372,0.007667618383676546,5.476850779066524
228,0.008104541561267364,0.007360424313798108,5.489610653149244
229,0.008490391723475479,0.0077933440260674015,5.467831505707233
230,0.009380466645290382,0.00887848399226242,5.443181123575396
231,0.008280852024728672,0.007701489826619828,5.462088039730762
232,0.010983470426807472,0.010617445948430698,5.4661309228444654
233,0.009117100414535341,0.008593986041604443,5.478571163755332
234,0.007898435911049181,0.007424965145894849,5.484483649240527
235,0.008553645945318527,0.0080701679385746,5.473404227138356
236,0.007901411590765732,0.007365559074144811,5.482458855764969
237,0.007927986778105321,0.0073977525860347846,5.469080679033896
238,0.007902124780957706,0.007364615681845585,5.475917919177213
239,0.008244602457297277,0.007716975091387326,5.477896954958297
240,0.010025837459308247,0.009340908158390887,5.504569490012395
241,0.007938392294887082,0.007331636228921161,5.505375391315302
242,0.008420564690572986,0.007736196020223157,5.483573976259798
243,0.007946151710911427,0.007301949373130129,5.485497772422546
244,0.008117592628247471,0.00758883576728622,5.467736210688349
245,0.009796978699126714,0.009252207351783158,5.470561103921661
246,0.008914192640291151,0.008460086982571944,5.507416949564748
247,0.008295702906474405,0.007787210144994711,5.511704856954983
248,0.007902506269569958,0.007471373349483812,5.5065187273048934
249,0.007894197802897554,0.007428823176818509,5.5055302968263415
250,0.008121262691913239,0.007669365842329012,5.492722622295714
251,0.008656183645906548,0.008102540189424719,5.498681245913273
252,0.008286829988847975,0.0078071224843099425,5.48740195122045
253,0.010490815516610979,0.010115873411329307,5.478332349988954
254,0.007959964086992812,0.0075369681325505485,5.466526231893178
255,0.008134834333051703,0.007672982587871117,5.470520798239022
256,0.007913686846446347,0.007436387380442403,5.4711708033275395
257,0.008715922728618207,0.008330904302831326,5.4500839121635565
258,0.008709707794497989,0.008190723629987566,5.464672134488211
259,0.008067935018136158,0.007629837217465109,5.464718867513092
260,0.008057744230157003,0.007609613365968902,5.4809735746539126
261,0.008261259381010012,0.007665967390027075,5.501627740244411
262,0.00787802516837621,0.007297873780839649,5.517205495928854
263,0.008128875801587476,0.0075085996799144385,5.504392533935738
264,0.008225836037179765,0.007636772976726177,5.513880624649749
265,0.01567350504405615,0.015272222310554003,5.501592701178149
266,0.008255685859539556,0.007624748723211867,5.485247137849731
267,0.00816329277648902,0.007632239122127293,5.44289402079495
268,0.010322367416387831,0.009671344160473288,5.450407517050421
269,0.008672264878346738,0.008121229548373517,5.438020917716822
270,0.00792405094591572,0.007344901113725681,5.452702390247625
271,0.007935084961007803,0.007396345980391032,5.469105260340669
272,0.008642932899104607,0.007970207438489162,5.467759151531728
273,0.007935898121852247,0.0072912826563404235,5.466146743485455
274,0.008455622229937537,0.00779863631642159,5.465737622873574
275,0.009464822344638633,0.008880273961822853,5.475165789068191
276,0.008973943293927719,0.00849055343500968,5.476665378698174
277,0.009077614732936896,0.008720100991452885,5.438130748704719
278,0.0079188599187221,0.007530593465808956,5.449654846197447
279,0.007966181664292754,0.007602496527450741,5.467954006929491
280,0.00832424054580795,0.007909055031796145,5.481125576409257
281,0.008046670957488025,0.007745659835180103,5.4699288337030545
282,0.008064178980927816,0.007659490187713527,5.488572126187568
283,0.008077213818973597,0.007771736162544649,5.449464786493933
284,0.008337794979956657,0.007974783136214183,5.434891950770561
285,0.007965086512988509,0.007594063914987861,5.462565197809086
286,0.00824516478443052,0.007807796196823851,5.475914822319272
287,0.008419247696641112,0.008041259286197637,5.470050428618249
288,0.008233192819939738,0.007749425035411114,5.459387183614672
289,0.008002540521281416,0.007573391235778204,5.449417574002684
290,0.008350906910074757,0.007829654907443341,5.47010811838717
291,0.008069311495412231,0.007583522518984584,5.478237409715053
292,0.00865260592530055,0.00820157978698095,5.5005718698208526
293,0.009766759814713857,0.0093964755646554,5.481320907451621
294,0.00797999543287261,0.007557922226362781,5.494851888147971
295,0.00914394687709298,0.0085716239446474,5.502807008080275
296,0.007872592395317176,0.00732385065238947,5.503305927235157
297,0.010019856389151717,0.009621461809250453,5.4750209186768934
298,0.008239631662587748,0.007737884029475109,5.455461884313846
299,0.009207347896485805,0.008759449520751656,5.490640590583029
300,0.008948889788440016,0.008368901939946627,5.502186419798877
301,0.008943948990796594,0.008448203097836489,5.499329685472091
302,0.008179957833860121,0.007660237482233859,5.516985004230362
303,0.011094502129437639,0.010705293888097649,5.476764493404069
304,0.007931686494553229,0.007434018006419485,5.506626848350425
305,0.009972920996855863,0.009511680156047343,5.517264167613057
306,0.008039756653483074,0.007532120945059441,5.507992905203519
307,0.008179891982795031,0.0076683582108423185,5.486176442427908
308,0.007945229367919146,0.007460716970863838,5.476752835938171
309,0.008505612291910426,0.008129099370007114,5.465230782030462
310,0.008463702432750273,0.00793201476842622,5.482410759922951
311,0.008044146110556897,0.007584489968783876,5.480268456293946
312,0.007876979104402231,0.007438417401300108,5.500380494770815
313,0.008734040342632223,0.008268913248911597,5.497921744928863
314,0.00814780451244729,0.00773486352503786,5.490720023924475
315,0.008336998420971723,0.007942877847655237,5.478891446959906
316,0.00832588998842367,0.007905660942505445,5.477622134543465
317,0.007863390691107083,0.007319893348746317,5.503881555636887
318,0.009531988766980819,0.008900023538871447,5.492708496489254
319,0.00957287533658232,0.008922572170119112,5.494520816456008
320,0.008564813076217533,0.007949211078706943,5.486930158851765
321,0.009148269002967592,0.008549277595411065,5.464017802094331
322,0.009380225354857104,0.008755167205232919,5.485353152940876
323,0.00852881611896189,0.008154248447502477,5.43914310873928
324,0.007915519237826575,0.007424265836213124,5.466239658548105
325,0.008040598017360673,0.007597063403963006,5.4503739882831574
326,0.008243234694766541,0.007711204377515851,5.456950543982079
327,0.009041210010464446,0.008617441589559438,5.456802106446199
328,0.012176729338241083,0.011779843703497187,5.471537317250754
329,0.008991348201807265,0.008568182696821622,5.47137519531741
330,0.010803807609958175,0.010401791663260938,5.476958673052792
331,0.008046660849292895,0.007565501197813245,5.473950833670132
332,0.008559629569860326,0.008059437394260153,5.4708426954695835
333,0.007974856730241524,0.007508075407378007,5.481674396921565
334,0.009110844161441777,0.008588538104409637,5.469233987808849
335,0.00882000385926867,0.008384076235314668,5.471023389385285
336,0.00862323966543878,0.008243646692478904,5.455500660648231
337,0.008375358316141272,0.007906041234729693,5.477935674850665
338,0.008410565953107017,0.00793442914907599,5.4820089008432005
339,0.009391154377068767,0.008845925907445217,5.494338235132187
340,0.008776778172508477,0.008330607604228346,5.4905363210644005
341,0.008154971421215768,0.007663424397787881,5.501789124717018
342,0.008035179047526698,0.007518458679224331,5.486797900574547
343,0.008097957048191813,0.007519739997683839,5.484973992534592
344,0.008205953528010526,0.007688768067662485,5.461015757782581
345,0.008124864872284166,0.007669301066663446,5.435963866242776
346,0.008028798318956849,0.007529338985171347,5.460456558130986
347,0.00933582117923471,0.00896664612499381,5.465214132718881
348,0.009125381303422277,0.0086044156417757,5.469625809155199
349,0.008055405579197452,0.007602345387816137,5.47168920505759
350,0.00840293558833734,0.008018821679786476,5.440267345902147
351,0.007919091856999506,0.007463792725358624,5.447308724316253
352,0.010110642808983841,0.009694190204292187,5.47052311146061
353,0.0083898735487323,0.007842581051041807,5.486542457885826
354,0.008074117774023257,0.007579148155254775,5.471854002917749
355,0.00796865376689893,0.007499374807741085,5.47202421371991
356,0.007961919683128545,0.007456512228450522,5.491864812725145
357,0.008124210177659377,0.007660206583355381,5.466846215027825
358,0.007894219489932665,0.007376757192757729,5.468991443067887
359,0.007936763910079685,0.007427836172811517,5.46297806276316
360,0.007951406315395086,0.007509060825767657,5.4550714439207155
361,0.007878688181473708,0.007319665821568669,5.489223683829154
362,0.007995784026071382,0.007547341995730283,5.478924241696173
363,0.007957542272978216,0.007441677121915822,5.477757408670804
364,0.007927546022888218,0.007440351480051739,5.463236949428026
365,0.011180484073608079,0.010798694994026125,5.450132183508266
366,0.008363218797362577,0.007901217157193337,5.4698342122171955
367,0.009038274823105385,0.008615248068386698,5.466571818179215
368,0.013267540750524854,0.012819029831002885,5.492142459102857
369,0.007902323901508765,0.007393528527116122,5.493627241560482
370,0.007883273881607466,0.007389904581791707,5.499928488135215
371,0.007968473854278487,0.007418880884056578,5.503188383755697
372,0.008108227039792052,0.0075454371799370075,5.496431410709096
373,0.008888347859697363,0.008406972736337635,5.490125639118922
374,0.009280279984334717,0.008699268309572789,5.49490639353292
375,0.008287691417837938,0.007757829900936751,5.504598330606095
376,0.008064261050787603,0.007581589554093767,5.488445784709633
377,0.009638485080790394,0.00904665627985291,5.498952607147494
378,0.00890534834853319,0.008451702950833124,5.495962596532391
379,0.009189648313146889,0.00877910954279387,5.487251293486574
380,0.008630146503008472,0.008253653247963367,5.4832810043718645
381,0.008046748275086944,0.007536108177944493,5.492332736045251
382,0.00802309372641655,0.007516037949348603,5.484669606500649
383,0.0079081771222763,0.00741846187071706,5.457410804587448
384,0.007914719355953516,0.007455757831367615,5.473126402925761
385,0.009739272265621327,0.009305142550161669,5.477510595923119
386,0.007893172779249688,0.0073587308232656015,5.470444747082963
387,0.007909785065478951,0.007335044994119549,5.480045323403079
388,0.012873530056026152,0.012484497297146162,5.462556583700874
389,0.007917880983578849,0.007416038980305971,5.456631262428391
390,0.008918536049278858,0.00835440305694444,5.463949485500564
391,0.009674980275562853,0.009295182584831595,5.45358280247691
392,0.008813594141376854,0.00827818643084493,5.453009494994438
393,0.008247383168657993,0.007767978637995096,5.437725442546439
394,0.007965987648592625,0.007572249113127484,5.457524688661108
395,0.00801978251457554,0.007551941945231443,5.4614966710694475
396,0.008014860675877152,0.00756115246153105,5.46336550828741
397,0.008242598892947463,0.007757453150062915,5.461592657133077
398,0.008813715433092483,0.008402968623874067,5.453681335051342
399,0.008382734885809777,0.00783815140830111,5.483213195005545
400,0.00822974122117101,0.0077705024681966545,5.462667458569435
401,0.00906223542570365,0.008517577303528314,5.467046017128108
402,0.008925454834859315,0.008342940415182683,5.438362036077551
403,0.008849764593610168,0.008269250326079494,5.463271927022413
404,0.01192666145077148,0.011316073410205397,5.444783005183515
405,0.00794261990961618,0.00741155146764622,5.456063321565825
406,0.009090387607813983,0.00847884524111672,5.468330315965359
407,0.008304519421325573,0.007791936908312507,5.478672685748897
408,0.008085367222369537,0.00760415792791638,5.4752562162795035
409,0.008068186875844688,0.007563860865821254,5.458049189022182
410,0.009037007836678445,0.008621501401155984,5.451577599029097
411,0.007967957219880568,0.0075148929923450816,5.454275255266996
412,0.008419504018477875,0.007959640084927073,5.444395616004432
413,0.008004233328540429,0.007603716781837641,5.439547051300939
414,0.00794989753405478,0.007504358145936789,5.463168627262196
415,0.008083344503594882,0.007607483241046318,5.472680036651199
416,0.008013393714005824,0.007448880872795472,5.457333182074974
417,0.007924712830170114,0.007402070845641638,5.464031238890291
418,0.008096204778694322,0.0075912461501551586,5.4585795648618305
419,0.008574900461532748,0.008070658979607492,5.457170179461432
420,0.007917065773853715,0.00740983157958308,5.446818215632719
421,0.008202156844819923,0.007653879132077423,5.458739530142904
422,0.00810097097792479,0.007515484796374513,5.441522939278037
423,0.007969020090336657,0.0074029996534037005,5.478090381040838
424,0.0080365139343272,0.007514917487478892,5.46330125962537
425,0.008111242883020576,0.007555786682832396,5.473491051304534
426,0.0091241476941527,0.008655513873303048,5.489984758658441
427,0.008734202521356454,0.008218698725404337,5.495300052285468
428,0.008130168447940631,0.007632167550879227,5.498542646934013
429,0.013123427232256926,0.012529558757694959,5.50735041978527
430,0.007939534496863172,0.0075796514234212275,5.458799282070373
431,0.00813116217112537,0.0077071149265026465,5.478563581615944
432,0.007959610377906538,0.007532450656563135,5.468662437206766
433,0.00790376601625505,0.0074656944904561914,5.4729614372050825
434,0.008850578314392878,0.008355296343235875,5.474402206865138
435,0.009746714197920999,0.009352261316650682,5.466107449597884
436,0.008171588428644247,0.0076786602931091874,5.4583945277432715
437,0.009962544224380239,0.009328251793430364,5.473317576406803
438,0.009634553738068761,0.009097976853058477,5.475071839100012
439,0.008080814917318352,0.007429643313997273,5.495844792710224
440,0.013392051906325279,0.012923337732889945,5.482936718190014
441,0.008289095744058773,0.007775865074623395,5.471264647974499
442,0.00902967722189012,0.00846502484476811,5.479233253761883
443,0.008752479738050338,0.008257117505872052,5.449659737027738
444,0.008242293273529162,0.00772025010589118,5.472286372902832
445,0.008234407768120537,0.007839048408205731,5.466454316894342
446,0.008397131453183465,0.007991888022332978,5.484088416668847
447,0.010709720475006668,0.010371123612835494,5.466634304979643
448,0.008065771751980436,0.007642924280402605,5.449817912453684
449,0.007975107774959913,0.007513054703083118,5.448003203313453
450,0.008002614037553805,0.007646738378705675,5.428443644451697
451,0.010198889357889401,0.009722074221457712,5.434148392170381
452,0.010002705457823755,0.009496132769720248,5.459456490776127
453,0.007917928784477741,0.007521968528669795,5.46660082889388
454,0.008894822770258552,0.008431073464631489,5.465914100360006
455,0.008392484865974095,0.007912392461508617,5.467687743736902
456,0.0095747131252798,0.0091017539893467,5.459276185741001
457,0.00810322507661125,0.007667012043954066,5.494165155058469
458,0.008785468220856593,0.00833517579118554,5.4988278659893375
459,0.007950786379926559,0.007428105526010101,5.51930850500565
460,0.008727601627481424,0.008121380468869547,5.518511540828417
461,0.008044868521916892,0.007546295849119638,5.494355668288404
462,0.008164722776420533,0.007661917817704791,5.481515293667204
463,0.0083851229976788,0.007831041227750888,5.499589031187613
464,0.00916779129589391,0.00878397659302915,5.464178761099582
465,0.00840227842854469,0.007974177050358001,5.467601128537528
466,0.007912579569656455,0.007386114077231395,5.490974620657942
467,0.007911179035038872,0.007404212539472886,5.468946944155801
468,0.007920857427408962,0.007378717917229407,5.471482780595522
469,0.008278791844904019,0.007748179161539432,5.480474980683159
470,0.013144542605560599,0.012731987399401854,5.493020735198966
471,0.008398853490357908,0.00791968311236733,5.4684049811926405
472,0.008466273517328704,0.00791328399884387,5.469570227481103
473,0.00814218395857107,0.00765165471260541,5.4341693751311535
474,0.011137208453374702,0.01050721888173106,5.43264198436648
475,0.013927961932060492,0.013559982158854796,5.416195122827114
476,0.009200712268723304,0.008705084987587151,5.440988094858845
477,0.008796424884352783,0.0082641265568762,5.444105101234947
478,0.007951191862074667,0.007533080055051509,5.423563238900911
479,0.008201389154217994,0.007739839121937717,5.442755146118781
480,0.008975333889657948,0.008575756384938446,5.438681159661046
481,0.00855487980735789,0.008160689796299869,5.425833774564575
482,0.008064175970609466,0.007547727534274574,5.4462540707911185
483,0.010866426675648485,0.010178769892107253,5.483730510509753
484,0.009193222511820079,0.008736501069082003,5.455353213052399
485,0.007901129251976141,0.007386294175100647,5.465283112862304
486,0.008016635425395014,0.0074974475773543145,5.415921226972465
487,0.009722682774210793,0.009288407921707095,5.432799123003531
488,0.008543744734411699,0.00801434397329423,5.445495961303985
489,0.008225848190903327,0.0077742400100554825,5.462028006526216
490,0.009376926728871691,0.009002847039717899,5.4556805014891445
491,0.008497395511281187,0.007897321335071303,5.481138122010217
492,0.009825370049016239,0.00933879291049186,5.49804587256773
493,0.008320125908718152,0.007856958923145935,5.4849967216738555
494,0.007901488038319622,0.007428223876540857,5.489021345786739
495,0.008651570512030448,0.008269108870017437,5.484991895067755
496,0.007906318429503427,0.007393451456970071,5.499739802171133
497,0.008048269085204474,0.007619435524244526,5.463592570023917
498,0.007895668866149662,0.00739024006264659,5.466515306484421
499,0.008834963781308162,0.008261984969219142,5.48689483137284
500,0.008079287182422634,0.007588332744733991,5.491944233650084
501,0.009408840234934478,0.008945106205238121,5.471792079357472
502,0.007946948371503395,0.007449285362430709,5.453772058963536
503,0.00793742560208693,0.007415445592821712,5.457573312009492
504,0.00798271382689457,0.0075032589512299,5.475461936543674
505,0.007873473605921093,0.007362606926682262,5.499708376877213
506,0.008110711455154736,0.007663123170759986,5.471641575065705
507,0.008048120283805877,0.00768736883991892,5.471415367706051
508,0.00818168465608788,0.007722085198563194,5.497043589540289
509,0.012402724549744502,0.012117573236889834,5.483105174665562
510,0.008635289413297893,0.008197590929876352,5.4695468047557725
511,0.007929913271463949,0.007561776200524697,5.471676909094908
512,0.008002951234570862,0.0075388494210444044,5.480909846818532
513,0.009745622042068192,0.009310907475076638,5.506060521916261
514,0.00788184505284595,0.00734197737294375,5.494576681429772
515,0.008351231149892372,0.007927552553000492,5.4670042996120305
516,0.012891770375243267,0.01232364597730855,5.454939887179069
517,0.016638093583693635,0.016396458730088926,5.419646594034521
518,0.011316715471730741,0.01094544146063912,5.438581426711666
519,0.00829760155318937,0.007737795101347982,5.4479902575499075
520,0.008684725461759937,0.008076270644775086,5.451172460182842
521,0.009868151548240254,0.009379636991308036,5.464074908066435
522,0.008028526905840787,0.007415044628988956,5.486585661500429
523,0.008705267551612978,0.008111129657315303,5.486115361080075
524,0.008254707586731783,0.00774383502112807,5.467065881918435
525,0.011575025029206012,0.010927824549483354,5.4584865112227865
526,0.008740251124141025,0.008144731714575552,5.454716899016653
527,0.008271333602964523,0.007766839494482378,5.453545482220702
528,0.00895717995037529,0.008341460933183309,5.455947264536206
529,0.008233952147955328,0.00776251273762157,5.472280417246248
530,0.008101986829196741,0.007675293661257399,5.464173120575364
531,0.009536158183494466,0.009192467613662547,5.454143664053173
532,0.007927379574992153,0.007533501717352788,5.440347190267625
533,0.009716624241504419,0.00920044939288508,5.471943423082813
534,0.008179042023198895,0.007713440775331834,5.474677886633548
535,0.008687130389134521,0.008297070034233947,5.4706478221129835
536,0.007960872861125757,0.007498329138359066,5.465357657413877
537,0.007926271216813576,0.007436165936279339,5.474659430122936
538,0.00861132765137206,0.008147932718966107,5.451036099859278
539,0.00881330074845712,0.008493753547665761,5.42462407581711
540,0.00969304366444052,0.009312424314994874,5.448665681571863
541,0.008139813739495523,0.007673368347216209,5.468979241247045
542,0.00789282493150382,0.007373587214239988,5.501404661082626
543,0.008244428606528496,0.007787024333173575,5.4808853898335474
544,0.007909112570742735,0.007413054079490803,5.453719138036368
545,0.00842860014791739,0.007901408661630449,5.459970049848318
546,0.009210805651132177,0.008838773243832405,5.464721667207122
547,0.00788975216208098,0.0074249718779198694,5.489566683414338
548,0.011309846668375324,0.010757492534209111,5.492728500664375
549,0.008010671567222256,0.00755186948543338,5.479811762656207
550,0.008140420524757356,0.007713107540965324,5.48201897005038
551,0.00884196655769923,0.008402325941738975,5.491428166479189
552,0.009916413092934905,0.009442513371471317,5.506190462505643
553,0.007920613998797134,0.007386767269541359,5.496498634935195
554,0.008094919342815744,0.007618757331076754,5.472867212062086
555,0.007926830677240246,0.007501592408656496,5.458314223937523
556,0.008019780737281369,0.0075181995468951695,5.481635917526727
557,0.00835431177415674,0.007947963737933187,5.483948011372298
558,0.0078888131776793,0.007398798537638732,5.476018293563348
559,0.007916726196306147,0.007354611749143133,5.501489957891328
560,0.008016236210819842,0.007493400799842225,5.505311860613546
561,0.007925449159937849,0.007398188916046947,5.496115458997517
562,0.007937879601722802,0.007415684688631255,5.489452231744206
563,0.008433138437317937,0.007877879291343813,5.479342132861895
564,0.00800245342742442,0.007494656459168035,5.4585682883198405
565,0.008107306840307494,0.007562139699260251,5.466141395490329
566,0.008948060558583961,0.008497269805299358,5.464006224511836
567,0.008082637635136598,0.0076267394276655735,5.483530883996657
568,0.008176088921104033,0.007656592253058163,5.507127574896361
569,0.007873648326496225,0.00745124197359411,5.489701218482738
570,0.007890737708796752,0.007379877136208118,5.487933475576542
571,0.008256589798129524,0.007799459848596023,5.452336175884268
572,0.007914725461266987,0.00746821519913191,5.463110468428466
573,0.008093022756184006,0.007692096641633971,5.467683777585682
574,0.007898496940285866,0.007488082398809395,5.465892859380847
575,0.008016348029359903,0.007613193687781156,5.47795098453206
576,0.007993324019754005,0.007443542969158293,5.520915621933931
577,0.00861339854456614,0.008264807477419159,5.463284594745649
578,0.008043776962127961,0.007653565875404464,5.4778235725659075
579,0.007886369978595388,0.007417056108590197,5.4967489931103515
580,0.007874462525034268,0.0073878271382209005,5.496293681269914
581,0.008746065347178946,0.008115134310352762,5.50100967754833
582,0.008105452360696359,0.007498185735823963,5.524681318101253
583,0.007862890751515991,0.007331759331782776,5.498798273047957
584,0.008523648638325951,0.007945517496573991,5.516591872200101
585,0.007964489836575897,0.007364106928459987,5.505891432986464
586,0.008220173392124984,0.007749156972350299,5.472139256887845
587,0.008262181096128966,0.00769704523821329,5.502237789385934
588,0.007905008732137626,0.00734723831380757,5.481565739368333
589,0.00787151693661575,0.007304362251419152,5.497292642689481
590,0.008054118176466389,0.007511862608587422,5.4817406958577966
591,0.00806089279320152,0.007638194809933953,5.466619967360529
592,0.007954382622133799,0.007596000856560191,5.465804281530575
593,0.008809299471923191,0.008335110975928992,5.4742218234326
594,0.009353703719243033,0.008812060037764117,5.4649581400816984
595,0.008366670451238139,0.007822922271650875,5.486834433012087
596,0.007994267328329299,0.007539786301429671,5.464200223556286
597,0.007994154263672497,0.007566747961586168,5.45739710310254
598,0.008824840781801208,0.008296842701807725,5.461399400858211
599,0.008248258189587448,0.007768350272904178,5.498932357082813
600,0.008591431981118329,0.008175397696784615,5.483179246740679
601,0.007881992665389415,0.007392630371183645,5.486307811764586
602,0.008119952995283413,0.007646353805494736,5.467521381033788
603,0.00789589826633004,0.00745679993620326,5.466123368697016
604,0.009551286274044996,0.008991093745345173,5.483738462051047
605,0.008044412863399141,0.007616270898575371,5.48205930165156
606,0.008438344593694191,0.007946744858588168,5.4911954470475415
607,0.008535692135015463,0.008233217705967345,5.459826909841063
608,0.007887234459707789,0.007428678625842369,5.474526666753032
609,0.008168867846871788,0.007671701838193297,5.472630638900106
610,0.008021735745204905,0.007581637386989765,5.45155627826456
611,0.01070802224971271,0.010214716795583447,5.451967695456089
612,0.008355052026535876,0.007965947297007975,5.450859185418608
613,0.00852882060854666,0.008241617542735944,5.46583170427622
614,0.007965698646079782,0.007702913720588395,5.429990034888232
615,0.009750736773973909,0.009519070584633485,5.425417127199161
616,0.008478287565367405,0.00817436662143931,5.450231941784994
617,0.008396213689699363,0.008087374627380121,5.44696659222889
618,0.00813907815728046,0.0077610960042918285,5.441247847008958
619,0.008096150237961255,0.007587676477699735,5.4463086318334195
620,0.007978522039786448,0.007467593902181966,5.4408740767784565
621,0.008465551478332759,0.008084397575644064,5.440717457423721
622,0.009234152236596578,0.008650064090354789,5.458315077143193
623,0.008023821131735125,0.007511457729652992,5.448054330643593
624,0.007938524599622323,0.007478827665758274,5.428100578336753
625,0.010268062671752811,0.009722983111405846,5.436890374502106
626,0.008113711702107687,0.007650588490938972,5.457554266646255
627,0.009672856228258255,0.0091237052922567,5.458952803641049
628,0.008599840525415747,0.008059888399637215,5.468366999612021
629,0.007905424682408006,0.007395656049894332,5.4561665127205385
630,0.008534577669765127,0.008162504258305139,5.447964059307241
631,0.010226364348018234,0.009671811076549507,5.4629387380196945
632,0.007943443463982366,0.007479207266259237,5.4609901839653245
633,0.008101599877312125,0.007633537201332753,5.45937027590926
634,0.008235847580269138,0.007772989271225913,5.4721936959087945
635,0.008541504645911215,0.008150864056278247,5.4612244224145385
636,0.009396454239313685,0.008822987685009276,5.471245947512211
637,0.008225185902978863,0.007675803784280919,5.471704824143728
638,0.009953143222767932,0.009314488641572584,5.504770341869981
639,0.010740904645855085,0.010237651518397948,5.516995318425499
640,0.008293945215378046,0.007819417948336571,5.509078646729805
641,0.008184883746614309,0.007698463117907845,5.505216620603106
642,0.010166908603112661,0.009660326197987904,5.473625086542958
643,0.008053699657808343,0.0076171012010150295,5.4697369233555735
644,0.009328077154832767,0.008818445874548098,5.476596458383211
645,0.00885276198094362,0.008496177865730316,5.467726848535041
646,0.008019952268785619,0.007625802627159923,5.464387833992167
647,0.01045854072437033,0.009874917817319905,5.485711184424292
648,0.009392115435325019,0.00900217459047781,5.480904966468993
649,0.010075207489751355,0.00974085806628532,5.478283794539294
650,0.008321059409625655,0.007895199054199083,5.47155281024459
651,0.008221569095642067,0.007704043075575024,5.478747357446814
652,0.00843008479637448,0.00785294380988551,5.47877491093372
653,0.008029163400945411,0.007454470640132794,5.460561330552789
654,0.007986752474844061,0.007542967251241383,5.457597236815946
655,0.00888112963776955,0.008363286049614827,5.446213259734343
656,0.0079326630129336,0.007472711296851055,5.460521179078235
657,0.008158249632575934,0.007680872452990144,5.459901653541223
658,0.008055190247129449,0.007557855774706116,5.485587103262239
659,0.007919112631392961,0.007451859643799735,5.463632428072026
660,0.008180132419496285,0.007580065218838176,5.494181949329242
661,0.009093419452235529,0.008606445199756752,5.480315137515534
662,0.008005362077573252,0.007478222386676261,5.46969625795398
663,0.00815896911008811,0.007625480042670898,5.490100448820244
664,0.00793552688024163,0.0074446235753933224,5.469966734682434
665,0.008215959707882517,0.007697388557358923,5.487504411468038
666,0.008128554745514226,0.007525747094067306,5.470054192337922
667,0.009549877397289163,0.00888834999140069,5.482164818831809
668,0.010587225053761057,0.009916525431120767,5.505877901253992
669,0.007923546827649888,0.007489607823446358,5.449978401825119
670,0.008268139477436104,0.0076934873931966095,5.4460697142503065
671,0.00803521441311471,0.007589987622026255,5.425816139694016
672,0.007987808346485296,0.007449095134054504,5.473082236279685
673,0.007973451931839579,0.007484011546207076,5.466139092753428
674,0.009817487197097609,0.009251770972379924,5.474494434897489
675,0.008398525128244079,0.007852832642274028,5.49324314250749
676,0.008778750492665263,0.008353885477934518,5.471779176890171
677,0.008123502236129435,0.007709578740016564,5.47437232857054
678,0.009955689803473396,0.009587429759880617,5.451558245766047
679,0.010989885776132411,0.0107306368511536,5.426061835010537
680,0.00933211377921256,0.00895979101823045,5.435037549910817
681,0.0097617336600693,0.0092899370254744,5.475473745092009
682,0.007895556119947411,0.007434333775333586,5.468650215529022
683,0.007894703009007322,0.007414993181952394,5.467520466617742
684,0.008369895916183893,0.00786000336976548,5.467974164156207
685,0.009637086303908821,0.009032250676613082,5.465696320654317
686,0.007924575905654017,0.007397003959340403,5.441249164372012
687,0.007933767337548598,0.0074373324986193425,5.46061173558227
688,0.009485421358221542,0.008848133017857413,5.489727546787904
689,0.008465176185645212,0.0079307363653341,5.481189563292818
690,0.007921226284497627,0.007462081234307729,5.451804900169321
691,0.008197276422324533,0.0076664840468476285,5.474558600649656
692,0.009773202490556668,0.00938364489245161,5.450319588051556
693,0.0079726339622717,0.0074579226572198485,5.4827817451877605
694,0.008051492027094181,0.007551865634784541,5.470811625580178
695,0.007974191376076623,0.007412814460663726,5.466760128548648
696,0.00867896740624046,0.008125354994088606,5.457009534234862
697,0.008594769673763665,0.00803962764473039,5.4507769890975375
698,0.011437519563693106,0.010779692400116815,5.470041592225183
699,0.009291208811841114,0.008666804573449913,5.471550753750813
700,0.00793889407947649,0.007413571593805946,5.46962629009205
701,0.007942745149968098,0.007407499671910031,5.458508859945134
702,0.007919020491714519,0.0073801703383313735,5.461515848644673
703,0.00978274728471786,0.009365202637814513,5.467790824636757
704,0.007897298472424258,0.007433788019817529,5.466111501014231
705,0.008339753004850493,0.007910364345645715,5.431707852855668
706,0.007974509460272654,0.007558511184766519,5.44845561369608
707,0.00891875982321383,0.008559883429692213,5.461857545051491
708,0.008616453989706242,0.008269441912188643,5.45369682954484
709,0.009017143931198561,0.00868893506612455,5.451662971294866
710,0.007933883013866466,0.0075226614098656075,5.456742307301703
711,0.01160712769677665,0.011323675798219262,5.460152180270828
712,0.008060886027718575,0.007623543478988443,5.461492662315498
713,0.007990927409214388,0.007552681686640682,5.457307996222044
714,0.008106807018501132,0.0076984804704665075,5.457660569144641
715,0.009493058906695558,0.009134117046471251,5.461294400927947
716,0.007984923258199834,0.007508542225478799,5.498380725994867
717,0.008079637820888146,0.007580808426377707,5.484992542186593
718,0.00794301773696285,0.007512775727454062,5.4650164689798935
719,0.007907821121983962,0.0074704339982733636,5.454488097562422
720,0.008149331892588678,0.007744491578960757,5.4610644260345325
721,0.007904266914785114,0.007369098477408532,5.4802247944126465
722,0.00798689223873137,0.007409089460785254,5.471629473924205
723,0.007887948136473595,0.007391539072926462,5.4754077817812465
724,0.008858820071114179,0.008393462517175338,5.462650453962403
725,0.00789217036129293,0.007370500541426121,5.471339844908661
726,0.008076481883948002,0.007555098003620067,5.466429909554458
727,0.008873722926557071,0.008455147683545598,5.466082800283749
728,0.008868201762546877,0.008254575639530472,5.482977612319173
729,0.008621413695331953,0.00806125274101459,5.473369079259328
730,0.009252558262252814,0.008711279906233904,5.4827790382269335
731,0.00825843304290713,0.00767478808977615,5.488943698046302
732,0.008235535091836308,0.007746454254046251,5.467356697219744
733,0.010850988466831296,0.010456836111753524,5.469570797325656
734,0.008791235939146241,0.008332613642228617,5.4843927033793225
735,0.008564301697770869,0.008084422858373009,5.477935856865143
736,0.007972549784345204,0.007529424193807446,5.460997138614633
737,0.008692849094334988,0.008193841845296887,5.462428639805211
738,0.008714692430837633,0.00825398696761479,5.454734352330133
739,0.008300300844713688,0.007852837161342158,5.4567341427349465
740,0.007875319714517045,0.007379249804993772,5.48810680239515
741,0.007894899566086345,0.0074184839915493826,5.478813987226923
742,0.007934857468222813,0.007390878881335374,5.468218067887006
743,0.011613974242488698,0.01098377860369995,5.444537028696725
744,0.007964054688058442,0.007389480455180089,5.456438035912287
745,0.008111042271821746,0.007560166853049429,5.455968234375569
746,0.009493934406578445,0.008844748057145841,5.450168354218767
747,0.007918974049733326,0.007420443944281486,5.443728869047927
748,0.008505843797125438,0.007996879383499904,5.453888366716427
749,0.008324111239949916,0.0078254611261325,5.474439520616636
750,0.010621585864993325,0.010277210440437926,5.450759563600046
751,0.008167089251967035,0.007779401521372978,5.430160454424953
752,0.008000014229069603,0.007564744103658123,5.464766561806686
753,0.0095284625243961,0.008942821351899027,5.479956634238881
754,0.008035779114819768,0.007596192372462009,5.475169301339174
755,0.009444184164428814,0.009039683265062678,5.508757815493697
756,0.008587562131876957,0.008119612790134562,5.511713191762661
757,0.00785634064219056,0.0073475719889197575,5.517394219543534
758,0.008205752490704868,0.007661608236126472,5.510574631204079
759,0.007854723687111133,0.007310399879362271,5.510382514963964
760,0.008054580940019953,0.007534069930748901,5.503017923108887
761,0.010189483996808697,0.00958432460969103,5.506066906287533
762,0.00815216351853517,0.007685742023829916,5.491744806788418
763,0.007914701636050417,0.007363407141641314,5.505535493684313
764,0.007861133757083683,0.007356138005798484,5.501770434180483
765,0.009079967700368313,0.008512918429939375,5.511597687436956
766,0.007985021015582532,0.007432825104203971,5.485342731765303
767,0.0083830289647052,0.007827458911080174,5.482304677444237
768,0.00881322348083915,0.008281261108460933,5.495621297028553
769,0.007974115664981392,0.007520852072275907,5.480848219097958
770,0.008576323305604934,0.008166336495524607,5.480439196206747
771,0.008162381352145875,0.007779867969486961,5.4601918658379445
772,0.009046849973736457,0.008533538900037338,5.473215435360194
773,0.008506697903242915,0.00802893497474224,5.45911263059039
774,0.007903211264999318,0.007469925223274035,5.46985658895988
775,0.00797758011723352,0.007567746235791044,5.467151799245405
776,0.009707502345035358,0.009378964288547297,5.460495863377362
777,0.008032940297055905,0.0075514345392968755,5.46891940339669
778,0.007988878017263702,0.007463823578356694,5.487137170326191
779,0.007991193936437659,0.007438034632252277,5.4683846624205845
780,0.008935617556812351,0.008285164520848242,5.471198666491895
781,0.008245254030337441,0.007581480632359121,5.4701299015175415
782,0.007893857105193787,0.007251688276514914,5.489636508185695
783,0.007900191931655354,0.007265741306739754,5.481613203226848
784,0.008055861950184953,0.007508965285071056,5.476331835206206
785,0.007935821858908065,0.007436716968478189,5.461357345907112
786,0.010432784345978415,0.009845224593375584,5.4762020833738365
787,0.008052171807979108,0.007640378799423518,5.467151835688837
788,0.007895724001129412,0.007453001452537814,5.47256830089115
789,0.00794076478992264,0.007561281547621597,5.449273339625952
790,0.00809281693307101,0.007769667196352767,5.458391793885105
791,0.00794366226768973,0.0075597943423885644,5.469989915240273
792,0.007997406777696907,0.007550685984032364,5.4864759852172105
793,0.009214791985271089,0.008887030359923194,5.468105150686004
794,0.008082240987349974,0.007665549089706943,5.479591659349294
795,0.007899049580952184,0.00749372250195567,5.468940134620832
796,0.011655611723543433,0.011120510268538789,5.466664655946726
797,0.008472713120301283,0.008046285780078849,5.450932237630354
798,0.010773781969063138,0.010216763264222432,5.485602785407215
799,0.008607391755824248,0.008088200368637704,5.493252846796118
800,0.008008528842128161,0.0075794268259720835,5.48767832954989
801,0.009150670682085808,0.008689992031074324,5.520847728032315
802,0.008128846656304343,0.007563835021143748,5.533041015820144
803,0.008418066049543507,0.0079462734043434,5.5098333662811605
804,0.008587449283004894,0.00805930683398106,5.505606013677809
805,0.008878703872111565,0.00839003678443615,5.472605024590291
806,0.021453273071093078,0.021154481424222295,5.46791512568314
807,0.00815526518084403,0.007597682422802815,5.481282667678737
808,0.008035295878906256,0.007493194378439291,5.498134167971973
809,0.008029941841595339,0.00757202990865227,5.449157089175724
810,0.010385513448865197,0.010012195716626043,5.454153247927062
811,0.008819153680868363,0.008458846241523509,5.455497174299996
812,0.007973738677099199,0.007479883883921005,5.461585294160317
813,0.008501784807500922,0.007954959562775388,5.472564559410851
814,0.008369005195781147,0.007806236090329493,5.4932707354061545
815,0.007892669668677792,0.007499583148110833,5.4727547884772925
816,0.008068189916634185,0.007561057959742292,5.4964504772641725
817,0.008064441812653346,0.007530796397214306,5.496694271387385
818,0.00886048351699023,0.008312285222618915,5.481352320341826
819,0.00818585587704178,0.007724042906678046,5.438250333764956
820,0.007937191123461869,0.007491798914283605,5.4436759798882015
821,0.00927735743391572,0.008882449852752425,5.451033843105496
822,0.00798661838890446,0.007545636175958185,5.454051719377868
823,0.008214534213864774,0.0076547177795670855,5.459088744378217
824,0.008210995781486501,0.007630462482685787,5.448165946927656
825,0.008429355392538638,0.007963016637062108,5.4269346213489476
826,0.00809546849474891,0.007473184594004582,5.4319469052511264
827,0.008031309671916195,0.00748909986039386,5.4511291034861395
828,0.008307746555468318,0.007830643305533071,5.456286714118942
829,0.008700278687058107,0.008341409529276056,5.463455725128154
830,0.008738230319792942,0.008405147063588497,5.456963857793497
831,0.008406205554415751,0.007899892848436606,5.473539177752144
832,0.008396097261978161,0.00791842101353987,5.459748929420785
833,0.008496981720506235,0.007980308951535753,5.480437003291065
834,0.008330429024421307,0.007899921287136943,5.461457021405227
835,0.008401716948698498,0.008027729568819435,5.446564590464068
836,0.007907989793224584,0.007412845757745922,5.457182551258593
837,0.00832960817545853,0.007836469413972603,5.473598806076199
838,0.008065448852092172,0.007608532191264782,5.450957482216131
839,0.009857358148540921,0.009246426387130538,5.456306668135873
840,0.008200593060835808,0.00766977851377775,5.452305359097517
841,0.013040277132419995,0.012673756458782878,5.444939649875882
842,0.009999088462653134,0.009407395732899355,5.487557405206061
843,0.008035714021210807,0.007492241165472334,5.454148363244558
844,0.00894292902229719,0.008346358204880744,5.452959412226568
845,0.008850700055284448,0.008378097170579793,5.445706875815015
846,0.007940062210779515,0.0073878671380478746,5.44440125305932
847,0.008197063738251424,0.007667938870196626,5.4421597852604595
848,0.008402902912484722,0.007835552033895866,5.449381664559841
849,0.007940995306397374,0.007372496876180524,5.463219016895865
850,0.00795837186514773,0.007424860256081372,5.459367231017048
851,0.010903556740807266,0.010469328086407693,5.479711451948468
852,0.009018005290695581,0.008606749399086743,5.47853673876066
853,0.007906205230136035,0.007432858576338081,5.492758709901363
854,0.007951478213608696,0.007538481861451741,5.470732103982899
855,0.007941516591193465,0.007510964123903384,5.4702680944623765
856,0.007894316861541288,0.007440800603899578,5.4935607037390515
857,0.007894014193603588,0.007429452799747826,5.5046874162611665
858,0.00787449764522717,0.0074098391162274865,5.5010245775880415
859,0.007942909106979486,0.007450221089102268,5.481521274936083
860,0.007950655661122564,0.007423378880557943,5.472183649100186
861,0.011600316687919035,0.010980416612354802,5.491439029330065
862,0.007900191509521511,0.007361298674852125,5.47633098552209
863,0.008206710441345404,0.007749447827203497,5.463011058063571
864,0.007957383160115142,0.007465202792293437,5.469967904986984
865,0.007893115207619787,0.007373323836931592,5.469980205178134
866,0.008502642344447097,0.007991924873202123,5.446880558342242
867,0.008356394922065653,0.00792424037270071,5.449728785559973
868,0.007936724769567468,0.0074981801943474055,5.4577688564864975
869,0.008735766626854428,0.00826005038062969,5.464254490252019
870,0.01036888908056347,0.010011641469297061,5.445666708961488
871,0.009180634090963032,0.008656517429603173,5.452345667986662
872,0.008265318001329456,0.007826935957589804,5.455324903446144
873,0.009741064385216092,0.009197225559910474,5.451695804310811
874,0.00864938115396085,0.008124731971883382,5.459237009130746
875,0.008422648773612311,0.007985373563654682,5.45936274069829
876,0.00818643077907948,0.007683501164670292,5.47530404596772
877,0.007896532224360306,0.007403904713899927,5.469942020579106
878,0.008496782073217753,0.007937990135172792,5.457934147423593
879,0.007937775349311739,0.0073794378292186555,5.450423862280015
880,0.008155002697531822,0.00759595269213193,5.458374975282986
881,0.008934464795599718,0.008388714181576017,5.430555320611386
882,0.00839751360053805,0.007881414289043345,5.4369852945042165
883,0.00793344639641604,0.007417431711051574,5.447494213871005
884,0.007984950931323032,0.007544095012471052,5.4374452061386105
885,0.008560885247379963,0.008090003852271467,5.42577234458253
886,0.008368429097477871,0.00783333530211063,5.438831463638691
887,0.00799896502749131,0.00751171088842643,5.445164746946463
888,0.008060011278402012,0.0076464988783584145,5.431304283530658
889,0.007960271658979383,0.007615791570715507,5.431060984337184
890,0.007947813117219206,0.00753154538109183,5.456924376984163
891,0.008088316457244388,0.007652833317875416,5.469307228821369
892,0.008077058858899101,0.007591614386955175,5.469306339587654
893,0.0082878373261448,0.007875646524774916,5.463508984486236
894,0.008039349822559652,0.007590669693557933,5.477863754154257
895,0.008249192784096082,0.0077240096643459415,5.469135459972449
896,0.00917214525315881,0.008635760292029993,5.440155782254635
897,0.008668763618080173,0.008212037733465707,5.461677026053369
898,0.007928473143654859,0.007469444802611251,5.477638255907682
899,0.011122542307784603,0.010741764736825126,5.472704645509802
900,0.007889227014907452,0.007337668443688558,5.4878537233345694
901,0.00802538395119682,0.007460317459144936,5.48167518194618
902,0.008857207886835252,0.008346907701127915,5.480557224124302
903,0.008503799099468235,0.007978570902889085,5.473990746718202
904,0.007902665535561628,0.007458131256414693,5.465927913157749
905,0.007893029011966035,0.007429940319935399,5.476326737273066
906,0.009675616010225591,0.00934951202373892,5.439537886134384
907,0.00961135230184813,0.009281977277110656,5.447682185903082
908,0.008252343658679079,0.007736637632088345,5.4476889534712685
909,0.008534259451328092,0.00794941481716164,5.482490019670735
910,0.00795752162077625,0.007494364058775782,5.489940115770848
911,0.007886019570304981,0.007387903145009631,5.487364549150186
912,0.007986646168222603,0.007530162007684812,5.489750423650384
913,0.009385515258213557,0.008844032750555392,5.486993827823594
914,0.007925146133434532,0.007462021343099565,5.4768804850272135
915,0.008196575220553143,0.0077369943153199495,5.472221941259024
916,0.008614208012846092,0.008078332003957961,5.481581644221775
917,0.008000655984008183,0.007497524121131521,5.472557049708026
918,0.009519842117102262,0.00909884329565905,5.472430620302168
919,0.008845356898741703,0.008251984423359077,5.476419488963223
920,0.007911634176468325,0.007423502333338308,5.452891918350264
921,0.009374948025605128,0.009014715814575098,5.4376049877692445
922,0.009275486701720128,0.008834541434133411,5.446050001626643
923,0.008337785376214353,0.00792718298284377,5.43827209186552
924,0.007926233958735665,0.007438899109156425,5.473999925709516
925,0.007909259941135439,0.0074561447521293255,5.459214297665918
926,0.009644423654308287,0.009229149016211009,5.466882593702884
927,0.010176281651416551,0.009601805108376249,5.439626755293059
928,0.00843094744016419,0.007911743467588437,5.435742667040612
929,0.008109353068074572,0.00767777952742227,5.415660387311319
930,0.007939334397601826,0.0074164530435729984,5.432275552150857
931,0.00926099574003435,0.008885683159385914,5.443671883905251
932,0.007902833656077012,0.007454063205729683,5.460741806159363
933,0.00892695108126462,0.008444899222082192,5.444758437072789
934,0.007912665939430187,0.007454726904276349,5.454335130425868
935,0.009803872910387488,0.00938247315921901,5.4703273580726215
936,0.0080534362729279,0.007539947992419168,5.480290093198714
937,0.007868525589145924,0.007335119216660535,5.497412820110885
938,0.0078623749415623,0.007357642339090971,5.511450248219799
939,0.007876467348277757,0.007467651147271066,5.489746062295479
940,0.008057847830751906,0.007680451774570838,5.47429180031094
941,0.008183592552982481,0.007719542282019485,5.460759528847774
942,0.008041385832628272,0.007579115317450991,5.457791600208326
943,0.008282992860566912,0.007877282458673335,5.461049805794104
944,0.007964842322963229,0.007551653228867891,5.460441460665931
945,0.008766603012053896,0.008298421821552663,5.4853457643215915
946,0.009107149368633684,0.008539843227078348,5.479159608720328
947,0.008070546509181284,0.0075249853305519735,5.472108744211349
948,0.00821180471201344,0.007771904094335691,5.45013662787173
949,0.008454510644320094,0.008013779073889867,5.441785744081393
950,0.00796563802057455,0.007552191129798531,5.418212538864074
951,0.010288621313878938,0.009771895623224258,5.443121274708947
952,0.008296173691688304,0.00786696158400207,5.447783862017967
953,0.008945609096840187,0.008403340395696316,5.4461372811881805
954,0.007940237572922398,0.007466507210122369,5.468638449935583
955,0.008042113453213024,0.0076717201249565025,5.441121468714835
956,0.008432142811617162,0.008031913154931914,5.461084825940695
957,0.008193521857821476,0.0077539266075179,5.481146021016891
958,0.00792390866592311,0.007493951707464069,5.471303726340048
959,0.007958985986259298,0.007552150377930888,5.465577950067832
960,0.007936923164564489,0.007565865312239997,5.45764302175554
961,0.008511834536926065,0.008119435166366932,5.457520450319531
962,0.009323258442902622,0.00878809059412493,5.46087282031702
963,0.007918694400341049,0.007443627705274096,5.448350405669447
964,0.00920803800587453,0.008763278086520642,5.469820484242923
965,0.007940035148311748,0.007413379799176615,5.494187520356752
966,0.00795003048444102,0.007463463762768877,5.478598269205192
967,0.008087141460021683,0.007641513984445531,5.4641079374980475
968,0.00806928926880289,0.007667881895666425,5.457643437738026
969,0.008329003715582482,0.007837942888582175,5.474210885062217
970,0.008127801895839315,0.0077298080904519735,5.4698046144154695
971,0.008730976434803483,0.008229316900587327,5.477888991225845
972,0.007859320680376003,0.0073437005423615314,5.50575607217843
973,0.008160765007687091,0.007650849221775866,5.496822616459982
974,0.008083323514998979,0.007559092427788896,5.507089892038989
975,0.00824749053325291,0.007872105504362353,5.46564734561751
976,0.009996116930708641,0.009686359881061469,5.486075356329197
977,0.009156810723499125,0.00867983352346824,5.506900414370579
978,0.00891899214130986,0.008550265445743119,5.503258742577444
979,0.007870208462943038,0.007428614438530953,5.513622026703329
980,0.00789675264228329,0.0074352696555165625,5.489951240753843
981,0.009213371731839524,0.008771069207384038,5.467319337686405
982,0.008631559959863599,0.00803118556391683,5.459196880824729
983,0.008385971436225643,0.007739467056026323,5.496604459657121
984,0.008714470167417998,0.008231924067390359,5.4804779369408365
985,0.007896906289844095,0.007469510935743314,5.483271056005103
986,0.008657129877901803,0.00824111392785594,5.484787714861549
987,0.007889192694379184,0.007392923418599322,5.476277007520405
988,0.010789835766959839,0.010195317579103627,5.494802871807215
989,0.009091704696284267,0.00868120331183003,5.469333517253487
990,0.009011366233317124,0.0086068256944279,5.464007364990929
991,0.011597619378060144,0.011039671911614916,5.473694513535229
992,0.007927741466623183,0.007427885960620251,5.475678083574054
993,0.008034985407100863,0.007465342211682219,5.486471013979626
994,0.008000751037960626,0.00747179954481385,5.48417259645832
995,0.007890659890568766,0.007302841668047115,5.483714732648329
996,0.007953867062161309,0.0074342743240471245,5.4580267921845795
997,0.008112863855933346,0.007625660572315064,5.470036605092131
998,0.008116752572190888,0.007667121898892262,5.466632110694818
999,0.007976109708807515,0.0074776615009909024,5.471269924404172
1000,0.007953771260294833,0.00746298078382383,5.468019895960977
1001,0.007932916708951155,0.007485515118680817,5.43425267111321
1002,0.009728349613149754,0.009398729449413024,5.4363576760746355
1003,0.00852870397079652,0.008012112992499772,5.464467162538535
1004,0.00818030475289564,0.007627494455421854,5.4867218501534225
1005,0.008368030152613786,0.007856890811494143,5.480883513586843
1006,0.010354294319519557,0.009754185135834079,5.488787077914615
1007,0.008590872564651013,0.008134907842078981,5.483214877548393
1008,0.008376977746160705,0.007871819076923275,5.4661747436778
1009,0.007896419709466838,0.007437757363018083,5.467124423986151
1010,0.007912252860743624,0.0075036262239378095,5.453089611851221
1011,0.009145890050705595,0.00881175308953895,5.458397756776163
1012,0.008068163076177092,0.007576486095621748,5.439283407772503
1013,0.007966982771620766,0.0075378742885180375,5.4414428314365235
1014,0.008537222545304191,0.008048820426883686,5.4550104874926255
1015,0.009106115271154784,0.008771283251970966,5.456638882624368
1016,0.008425602510673754,0.00802772082660071,5.475939114363959
1017,0.010598402045268785,0.01007791601173589,5.478030955310685
1018,0.008010179200783998,0.007523147969774064,5.485002451565965
1019,0.007943541601819124,0.007516556933242138,5.4819301366102
1020,0.012483084586540186,0.012259815941276656,5.4531879133988665
1021,0.008166176854651926,0.007719937188150984,5.473329067730375
1022,0.008162584910870687,0.0077566589253918955,5.461930566740671
1023,0.007923428477435572,0.007529724609409894,5.480442540769811
1024,0.011829920129941529,0.011500950044896032,5.476607770276308
1025,0.008450802264204764,0.007929635962247052,5.488397974933852
1026,0.007910794736360385,0.007384802749497962,5.486487755884164
1027,0.008118602119073476,0.007600349632165822,5.459330609102837
1028,0.007908303771235647,0.007443223802397544,5.461033033659662
1029,0.007898270028848419,0.007392338031584689,5.466508069651402
1030,0.008409948462115045,0.007954699083721945,5.464956860300591
1031,0.008669474733498918,0.00812057972863767,5.466553934274797
1032,0.008161974318823236,0.007710769061016469,5.459439759168785
1033,0.007943389047749978,0.007441339530780862,5.473092024135596
1034,0.00817851721844368,0.007659029200233986,5.462895494515406
1035,0.00991684026357814,0.009551696704173746,5.4678465060261034
1036,0.008029373538257086,0.007600248045065294,5.475253403191829
1037,0.007897089917536968,0.0074583128303021195,5.4681042368348765
1038,0.008388301318750931,0.007928399222094306,5.458506415978826
1039,0.008008407805849053,0.007552192667868077,5.452922969416382
1040,0.009473140020608154,0.009090411903755756,5.470114782549658
1041,0.008042466963911685,0.007550120339136145,5.471363083706077
1042,0.007914180681555232,0.0074583118574394845,5.4661805186119725
1043,0.008495998594812485,0.007958761298295964,5.468953036860527
1044,0.008553060813505996,0.008128375286924802,5.473186858521722
1045,0.007955215192724166,0.007456104256756007,5.479869788386012
1046,0.008861592779704735,0.008399798645742786,5.465328546746035
1047,0.007919118160701179,0.007385229144202703,5.463595242225724
1048,0.007954554597761735,0.007467469920864697,5.448647704077933
1049,0.008392032812013797,0.007928161572234055,5.418218338160705
1050,0.008156275305939532,0.0076674281828196635,5.434490584814387
1051,0.007990555676455345,0.00748291773055799,5.456395477669702
1052,0.007994815050698737,0.007466047869408791,5.458556242136149
1053,0.008006939915795952,0.007519968213456262,5.434580350246222
1054,0.008550783984062263,0.008013098263986829,5.461273950672628
1055,0.008846574304006484,0.00822382994552611,5.479132885134207
1056,0.008275568330943155,0.007703602892780756,5.476390502062184
1057,0.010694370600379257,0.010245579980791127,5.471000500352256
1058,0.008443050353684147,0.007931498072403387,5.4744742466553244
1059,0.007987928600482632,0.007494655060337388,5.467679964116473
1060,0.008756507829116349,0.008302943633209714,5.471150669469671
1061,0.009187766657365646,0.00864252220064798,5.458968219357812
1062,0.008332450185242682,0.007796630657262087,5.476243849499182
1063,0.00804516158842743,0.007582525183261858,5.445464642462017
1064,0.008663407662779593,0.008148236709781832,5.457941691431479
1065,0.00861856805202561,0.00814781278074765,5.441544716138588
1066,0.008196703084461162,0.007749504976300352,5.430224919858242
1067,0.008213757480974289,0.007721532233771486,5.439885363181924
1068,0.008153543614863175,0.007685132916846715,5.4569806658346955
1069,0.007980768345829583,0.007517586606840378,5.46034179354057
1070,0.007922741229128854,0.007496269375697991,5.462505075201781
1071,0.009142039383779312,0.008674083777781895,5.459126871897157
1072,0.007948873372487002,0.007491061955487447,5.469671508773641
1073,0.007950621555507005,0.00752462662172724,5.474399942138145
1074,0.008093173980313458,0.0076319852306039465,5.458806929371827
1075,0.007908681189711952,0.007404388830924281,5.471545963852449
1076,0.00828204625329051,0.00784525063788934,5.472655453750758
1077,0.007969330354683427,0.007489636706042922,5.501924665899333
1078,0.007951568119097075,0.0075352750112266395,5.478242062921938
1079,0.007911248580796983,0.007399482335525327,5.4856626085021745
1080,0.007949212298176663,0.007472684756548058,5.480528452764392
1081,0.00815408373062936,0.007719194841161328,5.462831449198623
1082,0.008874946093148638,0.008382002970104978,5.477590363276631
1083,0.007882772724911393,0.007380882940429543,5.482267002319797
1084,0.008188534679814643,0.00777252418453657,5.46928638786523
1085,0.007941062721699765,0.007486260467726179,5.468771161902303
1086,0.009095163308047143,0.008717987345608028,5.467338233849113
1087,0.008272717850976,0.007790263387027638,5.464931652824058
1088,0.009901795962366948,0.00948682200717285,5.465511136358691
1089,0.008034447157354171,0.007602534990944394,5.456925021776222
1090,0.007902726292190576,0.0073635125016931965,5.4894817581713236
1091,0.008993491854309081,0.008434467626457446,5.490606319277646
1092,0.007919807901533722,0.007471370631310215,5.487505736355467
1093,0.008491477836842369,0.007996522960802617,5.474673934107107
1094,0.007975951109415829,0.007507354691223511,5.46051371796854
1095,0.007988415889359205,0.0074649490161888925,5.488548442790126
1096,0.007961108520657146,0.007525212049751251,5.449117800514607
1097,0.007954426027842552,0.0074878178292758606,5.447128271926389
1098,0.01007261190917216,0.009776956608383345,5.433255170289162
1099,0.007944974589535756,0.007539162529993511,5.455386735966661
1100,0.008148023823525875,0.007666548010861163,5.466221560213726
1101,0.007925752472789944,0.007480169692208971,5.439320216558584
1102,0.012242714031458173,0.011974802825083753,5.432938314768634
1103,0.008342187346025532,0.00790984242090354,5.447732277159844
1104,0.008019582791627688,0.007622772782780881,5.4549427253985545
1105,0.00799440176240004,0.007484681070204428,5.481609321532147
1106,0.007917003446441744,0.007526976750185581,5.459614950235338
1107,0.008308817426960333,0.007803130420901018,5.449415308905794
1108,0.009656055118925772,0.009226780619135937,5.475912891830109
1109,0.008463227683609995,0.007918906249936462,5.485481115021942
1110,0.00949556618808165,0.008954875864827978,5.487483516872146
1111,0.008324692187050337,0.007802609550081999,5.474761603025968
1112,0.00789054287829198,0.007369707580427673,5.483266534967626
1113,0.007882768509364254,0.00735388404553484,5.483263096603244
1114,0.008958189939597674,0.008387450604030096,5.483514627529533
1115,0.008838183667858044,0.008360838164603814,5.4486096225834215
1116,0.007960650330162895,0.007560404983925756,5.438732790795791
1117,0.008688454200061896,0.008178354674871453,5.444928144312694
1118,0.007886734959119096,0.00733764794724923,5.496458377951954
1119,0.008185126622329073,0.007639681533733618,5.480174886139614
1120,0.00789970266375129,0.0074805859257345755,5.470405018649515
1121,0.007938150393082126,0.007483818406315718,5.468719993020914
1122,0.008480807639644533,0.008099745419932225,5.457892230613789
1123,0.007884146469280439,0.007373770774355062,5.482101286156309
1124,0.007880691216325297,0.007381898438417859,5.48666010582332
1125,0.00879001419552795,0.008365824298754364,5.459708838503204
1126,0.008070189311907618,0.007574547112293834,5.479809009354159
1127,0.008222688034198473,0.00768205723540858,5.470999256746737
1128,0.007907213335691072,0.007388747903617048,5.468497211009312
1129,0.007925534342506235,0.0074005113499175735,5.482541742436519
1130,0.00793502444433704,0.007480233310826215,5.477754313850305
1131,0.008023131676333266,0.007556067736065737,5.477328730830152
1132,0.007902756402843209,0.007423439483988227,5.483596376049598
1133,0.008731525515071156,0.008152942271395812,5.492667794544227
1134,0.008179701951390493,0.007733807635031053,5.473050152605481
1135,0.008062452651817917,0.007723502024692424,5.453521689223116
1136,0.007965067622278723,0.007632747171297409,5.453691694923741
1137,0.007951057743097843,0.007599968951298642,5.43426136406249
1138,0.008091741071324364,0.007712418568751903,5.455516673985285
1139,0.007925395867289662,0.007479192065845798,5.467399257837102
1140,0.008115828773399841,0.00767231177462096,5.441768781237474
1141,0.007954380579939855,0.007514967134514065,5.432783481988002
1142,0.008020522126806146,0.00749564802957416,5.471873942820821
1143,0.00947116141969072,0.00889809681948075,5.450900481023157
1144,0.009362562091021955,0.00894493552745186,5.462196376682298
1145,0.008543092399809068,0.008051385309267238,5.471549359337697
1146,0.009168243665601426,0.008612898819292385,5.471692785211308
1147,0.008210953736155194,0.007663219259827699,5.48021248692989
1148,0.014725817753049535,0.01431216720152119,5.468550912916665
1149,0.008061968028970492,0.007565893593524617,5.467748581335988
1150,0.01634141406856409,0.01599569884947545,5.46020118579008
1151,0.008859121490664238,0.008415642871505048,5.4267778688123
1152,0.008134463383168932,0.007679686086940223,5.427807522127712
1153,0.008712322505266651,0.008273645180193665,5.448299426643901
1154,0.011198895326283797,0.010597110181066358,5.4527746623033995
1155,0.010449908185702392,0.010118393444497172,5.438840168708769
1156,0.009162632941597764,0.008778509607289093,5.436408531889386
1157,0.00844578405193273,0.00795619837451746,5.460927381913457
1158,0.007980979490697157,0.007427758042639614,5.496842433408204
1159,0.008100987461412891,0.007536594520685983,5.493509317922248
1160,0.00804508481019059,0.0075360974598966644,5.484987444268928
1161,0.008350678430503085,0.007907518751496877,5.494917191781294
1162,0.007891698209916033,0.007394872732473939,5.473923887983282
1163,0.007900745755340534,0.007440011514319351,5.464479626608124
1164,0.008036212048825193,0.007505783735233271,5.480335435395892
1165,0.007892252672107499,0.007399405650987034,5.4719324927674995
1166,0.010555888307680785,0.010009867745591693,5.462098699320637
1167,0.008235946886814102,0.007747109670621955,5.4751734892832
1168,0.007914440552927044,0.007460963445442772,5.457189996260809
1169,0.008622036569705024,0.008147318846229146,5.450908483077791
1170,0.01036570108528913,0.009743255487226817,5.470860483405907
1171,0.007933738370126401,0.00742827756095211,5.4631040632816
1172,0.008052951773200525,0.0076148633046280645,5.447074948757986
1173,0.011265904674232469,0.01090453385887708,5.451875137325304
1174,0.008054329438267649,0.007595516308813364,5.478096741034273
1175,0.008766742388720673,0.008321919532394835,5.498921083270826
1176,0.008543860239659747,0.008005844792553425,5.514742898952504
1177,0.007854156829560284,0.007366141891683195,5.5122898572624734
1178,0.00954175582543332,0.009031883165876668,5.508541230405489
1179,0.007884178771481226,0.007419129502153948,5.504538537599942
1180,0.007874781592835223,0.007358704841125821,5.502536979657337
1181,0.008973060174341038,0.008411743327434594,5.5324774178309575
1182,0.008330229395175155,0.0077777970041205844,5.527330260931772
1183,0.007914740079919522,0.007396407922276119,5.515339434373807
1184,0.007896317055198492,0.007439198202366512,5.518348232562922
1185,0.008567139623869699,0.008070750445215746,5.511271516762161
1186,0.00871497253840767,0.008165135360187812,5.505441237537957
1187,0.008602318295653165,0.008110720875687373,5.491081176054295
1188,0.008932085797869582,0.008526220841770701,5.5073776628938615
1189,0.008854544499475018,0.008425367467576177,5.477022557788109
1190,0.008021692599916813,0.007658498201190196,5.476094182480201
1191,0.008515940713663385,0.008053756296796612,5.508611025248527
1192,0.00806950550020935,0.007651111936229344,5.512220487621168
1193,0.009740026198153309,0.009214400309004054,5.498470775269023
1194,0.008094503627184496,0.007612239652754212,5.484057545511185
1195,0.00793023463365718,0.007506972371627051,5.448155328592088
1196,0.008134514155015347,0.007717418332088402,5.4693567138716706
1197,0.007991919290566361,0.00761239732479769,5.4684999652463055
1198,0.010394970218447779,0.01010231244107763,5.442965064429082
1199,0.008004485579448946,0.007584096709239266,5.45407527869871
1200,0.008149623264587682,0.007755637377331641,5.484325497653633
1201,0.009927888243851764,0.009475263094578587,5.522344597042262
1202,0.007924996787097181,0.007531277940899129,5.452445691572665
1203,0.010352228533612068,0.009995472535364975,5.465431102708999
1204,0.008199282017368519,0.007715332845789467,5.47863537559704
1205,0.011808509533129556,0.011484608567187315,5.443558024313641
1206,0.00804735880445223,0.007589300963156016,5.460628326142688
1207,0.009566915814707113,0.009027787655157894,5.4692341702022365
1208,0.008673003283299521,0.008243414661448324,5.471334544069291
1209,0.010410980317253056,0.009888354653718283,5.465910090449591
1210,0.008012019658916427,0.007582000535135363,5.457200376652793
1211,0.008045021514880278,0.0075586898102444075,5.488280770333429
1212,0.009195344809722826,0.008615614128068062,5.4869882485528105
1213,0.009484072073063116,0.009038444994466406,5.480238564427331
1214,0.008794594787026332,0.00836827955230073,5.472947597003039
1215,0.008890807352674031,0.008409630066570424,5.451522264461662
1216,0.008918187795069967,0.008376318382720295,5.421246346890467
1217,0.007931712423163897,0.007441599407748928,5.460264535778144
1218,0.008059186218100693,0.007605825608164402,5.4755945939984745
1219,0.008144925130564803,0.007645701819732099,5.47689629419583
1220,0.008265181708773757,0.007741062932185494,5.463242868503006
1221,0.00796255777402897,0.007497074092883353,5.455559653864032
1222,0.009367826538272304,0.008818255432444244,5.450690383606467
1223,0.009407550686772128,0.008954126271444552,5.470657842580479
1224,0.007917864607381404,0.007446305023389175,5.475341524242099
1225,0.00790895558184679,0.007460295935919812,5.471154353300476
1226,0.007904908737774854,0.007509621192340593,5.469652189331622
1227,0.007880069250476778,0.007477848109227965,5.486900987618664
1228,0.00829193172028201,0.007844955935796533,5.476971854629497
1229,0.012118353319563418,0.011781248628088051,5.484333594778622
1230,0.00943153710226968,0.008922363218212225,5.478584282073633
1231,0.007923058081589131,0.007439283461321001,5.494367040856656
1232,0.008578848729479456,0.008097137803791258,5.487200039693116
1233,0.00845026545895792,0.008005993676110103,5.479649887346625
1234,0.008905120924705395,0.008501119795519412,5.477971768786599
1235,0.00788371095267288,0.007427890386640151,5.481605294899079
1236,0.007889725779941846,0.007422450355418442,5.503169256816328
1237,0.0080492006101401,0.007557780317245814,5.484139485158451
1238,0.01045473778083773,0.01003873654195542,5.489400545147335
1239,0.010108607131208803,0.009645242540358133,5.495960732704585
1240,0.008187527682781498,0.0077085118005425805,5.481041887135646
1241,0.008323692271124332,0.007763188515239791,5.50567849601174
1242,0.00792291868842538,0.00742654479783297,5.492676741515334
1243,0.008177974633618735,0.0077206056548703855,5.476565697402798
1244,0.00847029141202194,0.008152837085713963,5.450832780739759
1245,0.007921030632329046,0.007502792633281593,5.488658864295628
1246,0.008260160481836521,0.007827306568223327,5.4678998220490955
1247,0.010009409369744711,0.009658809587101802,5.48519173889023
1248,0.008121321506899244,0.007700859232826285,5.4847786459410495
1249,0.007907360563506823,0.007502284831158059,5.458519324430666
1250,0.007905543987361166,0.007431200362488999,5.465668994151303
1251,0.007948074150780629,0.0074372200075087476,5.481117579682706
1252,0.008326801765339583,0.007846043939421225,5.493708904789328
1253,0.00805115935508335,0.007550602682618029,5.47931317740643
1254,0.011293865110915494,0.01070077066064223,5.485360505072812
1255,0.00796601015865095,0.0074864751211935875,5.4665445752074895
1256,0.013067859639663008,0.012414494652575707,5.460866322833313
1257,0.008005181931470356,0.007542122020781305,5.451918577106516
1258,0.007928022422516336,0.007495635280570489,5.456151229747093
1259,0.008421766825754736,0.007964347176422505,5.448915089750587
1260,0.008682990233147413,0.008219106097654671,5.429837938111503
1261,0.007928093742337846,0.0075039111341646154,5.442124030728883
1262,0.010488771923773855,0.010113221690334701,5.453587193431539
1263,0.007908843786736725,0.007411954797906466,5.473088851102921
1264,0.007889243259749974,0.007356021807920435,5.476760207344746
1265,0.008514050504774226,0.007922974650941054,5.4961881955864165
1266,0.008151246185067327,0.007594935978285216,5.484297327747472
1267,0.008167933075754263,0.007598016633031101,5.478199972000738
1268,0.007882823035021504,0.0073336479012983515,5.484004136112551
1269,0.008056027196169139,0.007515566297218117,5.477477221421293
1270,0.00815299090467491,0.007615023329448789,5.482897389384109
1271,0.008532668406140751,0.007974811965658083,5.481051399055241
1272,0.008315312324775833,0.007793554359223718,5.466637635631161
1273,0.008729300876187932,0.00825026310009824,5.459601019275522
1274,0.008908043548521618,0.008320742862337704,5.465292024885104
1275,0.008837651886776541,0.008367578721042547,5.4569090068462796
1276,0.007890475496018394,0.007389145879056215,5.474493116634463
1277,0.008001469196653009,0.007512617246553367,5.46590036013966
1278,0.010496247740864047,0.009871081650607173,5.491967181000758
1279,0.008516267175022662,0.008002539170544299,5.4971751829141215
1280,0.008178242535205667,0.007699038318354671,5.496410219790143
1281,0.007877107840351059,0.00735644276759652,5.490404124332427
1282,0.010163356713225513,0.009773701331426458,5.476744358718214
1283,0.007889334700782447,0.00737777102602282,5.4761079830415
1284,0.007881104727046681,0.007377023501659799,5.49198805254443
1285,0.008531350212002587,0.008050149881687566,5.48858316516332
1286,0.00818981390475868,0.0077040903703404235,5.4719847303702
1287,0.007935870791243447,0.007444557744484079,5.45572431675399
1288,0.008227526402889635,0.007717629917698229,5.45997950657879
1289,0.00916405987629712,0.008752421503541382,5.44948344105169
1290,0.008265911103754424,0.007768901318702809,5.457382763277231
1291,0.008584397967209298,0.008035471863205365,5.459704147580459
1292,0.007954528890923443,0.007477548500864022,5.431981836710104
1293,0.007952708894230368,0.007534518171420173,5.436375928678102
1294,0.008263977972951121,0.007783892952213445,5.4584929420999
1295,0.007945043286461846,0.007426016396532259,5.471259185269026
1296,0.007886025975133815,0.007350208142666471,5.479064293562708
1297,0.008561391654279708,0.007969037351252494,5.488799723549349
1298,0.00841256943659445,0.007903092053332334,5.4822971205413
1299,0.008412295188333573,0.007890753015653625,5.499385439910634
1300,0.009453268701848485,0.008854019677029952,5.497421673736883
1301,0.00792350292253483,0.0074605126773839,5.494181156032004
1302,0.007977580196932645,0.007544702182182025,5.486490417715588
1303,0.00838569069196973,0.007878484566600476,5.517370679074764
1304,0.008012427530830448,0.007488607683411948,5.514126665361716
1305,0.008824690274203075,0.00839169290064919,5.505988944157723
1306,0.008786107340184585,0.008387054617327966,5.475793566052178
1307,0.00804025622837021,0.007562902888121458,5.480026201875609
1308,0.008053563480686596,0.00754660630620519,5.489609654431975
1309,0.007864518110026409,0.007354689777428587,5.502998884965327
1310,0.007945132303171672,0.007428649749798361,5.4777085124058695
1311,0.007900693932620355,0.0073845171860884035,5.468230283965483
1312,0.008573001085642308,0.00814641461229122,5.445543522987057
1313,0.007955081120312143,0.007497714489867694,5.433272570639607
1314,0.007905979872466318,0.007456644925598773,5.461438984890357
1315,0.008080831725941397,0.007683192496442823,5.441154982538164
1316,0.00875930454347156,0.008280290638861928,5.459916026411672
1317,0.008437794478932665,0.008082192027804073,5.444046633205146
1318,0.008433804252650301,0.007992354056320875,5.467492940609915
1319,0.007984069853472296,0.007519827488957901,5.485780407749101
1320,0.00839708263068112,0.00785228514951739,5.49110895243367
1321,0.007947913065186255,0.007422039993026858,5.47488525896623
1322,0.008099726374466881,0.007588368492702837,5.488510835648361
1323,0.00942529669834623,0.00899642079716467,5.4644530352122205
1324,0.009379096738946885,0.008977842346158837,5.488777566909183
1325,0.007998354607491383,0.007475725264722706,5.493763300713134
1326,0.008517032101543661,0.007895364914542964,5.5190547894618565
1327,0.009474771811030888,0.008966050708444286,5.5130533424167965
1328,0.00784792623555013,0.007310334078498175,5.521266035356588
1329,0.007892299323338329,0.007380432583990604,5.497101912385199
1330,0.008233425622818443,0.007741036755682855,5.483766105876938
1331,0.008499328198449955,0.007905703160912976,5.458003343477717
1332,0.008593294375483531,0.007983612248874025,5.481528007021204
1333,0.008031392417024384,0.007462286793256295,5.480633225003499
1334,0.013510872847931994,0.013123810933466106,5.464604088491873
1335,0.008251384543937205,0.0077621775006204985,5.4828890657710865
1336,0.007939594263885108,0.0074673918470591445,5.469734878055807
1337,0.008384178579343335,0.007963336488162682,5.4492528190767455
1338,0.008527474970534686,0.008068565148677232,5.468961722611168
1339,0.007884023409731888,0.007368757095768795,5.497427168816612
1340,0.009165933313488252,0.00860225234817953,5.489323990146518
1341,0.007897124800309116,0.007362152158765102,5.5062062409826655
1342,0.00788323931488538,0.007369440384657413,5.510729080819765
1343,0.00787092812000457,0.007411614195600571,5.505930907186128
1344,0.008482674273002743,0.007915041193023683,5.515387007481516
1345,0.007936300401534618,0.007379169325606715,5.486953227651062
1346,0.007879200175411726,0.007337131446836449,5.500407404370038
1347,0.009643058666631399,0.009068344131718524,5.469900279791188
1348,0.00913855956733333,0.008588157820000641,5.456452574170346
1349,0.007927031421952202,0.007504800450417601,5.444549429514711
1350,0.007940322666461603,0.0074850748390518545,5.449177222087325
1351,0.008177186442448858,0.0078168516637101,5.444480585832409
1352,0.008380667510990265,0.007943972862805446,5.450353464313061
1353,0.008209343657530576,0.007857316929148948,5.436738249323136
1354,0.00842100601290176,0.007984583069568563,5.431238944473625
1355,0.007933149407529119,0.007552179468872301,5.44358084278613
1356,0.01025637618276238,0.009931366791462693,5.46365855970399
1357,0.00824145911807102,0.007919741279657624,5.4609630882605895
1358,0.010377625747587604,0.009892705637568583,5.487169845470049
1359,0.007986987034191638,0.007576534283186247,5.490880371777399
1360,0.008264921775332446,0.00788045724883572,5.467709655616312
1361,0.00934949675758145,0.009007874086173748,5.462190331577375
1362,0.008183500116458235,0.007761895995928132,5.447883651601364
1363,0.01204982508389763,0.011563279942607396,5.445286928990384
1364,0.007928328647880319,0.007483641496455079,5.470389800442023
1365,0.008149660598689337,0.007698383726532505,5.461208743158657
1366,0.00874061516658437,0.008218186150882267,5.470787182511006
1367,0.008815002542815427,0.008208245785213482,5.449354468522039
1368,0.007910895027197178,0.007365831411393174,5.456628908017533
1369,0.007898070020554725,0.007399829314810831,5.468178618600568
1370,0.008475206738561015,0.00799841226660088,5.476853406709164
1371,0.00876002189631773,0.008186457311938117,5.485829461375863
1372,0.008215808210327871,0.007708776999325779,5.461823289240782
1373,0.00794220934206698,0.007373221099771205,5.451395776758537
1374,0.007967462992383325,0.007417523741079437,5.450916630051377
1375,0.00832859682283345,0.007863080132736351,5.440052215943451
1376,0.007984463209127348,0.007423511463617946,5.4439928138070135
1377,0.008072484131452702,0.007485963073751784,5.473797977190291
1378,0.008004100903095978,0.007416921249383741,5.491188372610016
1379,0.007901903629235502,0.007418444306791654,5.47916521566302
1380,0.007993803737304267,0.007482076239358957,5.460534023568402
1381,0.007891516782945326,0.007339031236887985,5.482395952769956
1382,0.008410161362526855,0.007837847259010673,5.473850096490612
1383,0.018803331829936036,0.018480167351738245,5.440378109658528
1384,0.007894793821508985,0.007343322975127236,5.470891147737173
1385,0.008729168889845328,0.008144410601259191,5.4688144963739695
1386,0.007985851808653358,0.007502151662475206,5.455471491190945
1387,0.009972332418176456,0.009491249522781992,5.4959325536562496
1388,0.007997890663552708,0.0074858494961257595,5.491612390584232
1389,0.008260627308949692,0.007744652387994999,5.461896559932038
1390,0.009254672092674597,0.008728924522951985,5.451088496344997
1391,0.009239146957708288,0.008791434710753372,5.433704511062075
1392,0.00791854459792694,0.007435110552748904,5.452787997123508
1393,0.0094431410604185,0.008891751028270034,5.46373545261494
1394,0.008004825154460117,0.007438143541172991,5.4751265714211845
1395,0.008440941686954334,0.007978180945536347,5.494161934080919
1396,0.008446398819179076,0.00803399970194052,5.470433185790078
1397,0.008146993992422321,0.007671808354574968,5.4712929767364535
1398,0.008051463576067112,0.007614979881701719,5.451768549250386
1399,0.00789785675709054,0.007391620444731004,5.470856877568141
1400,0.007877816030446096,0.0073148161105773685,5.493095988476423
1401,0.008035821811007435,0.007507203169504055,5.49007812699113
1402,0.00792150578820897,0.007447317579035771,5.475880383802696
1403,0.008391761303566113,0.008027327686057632,5.464671590742051
1404,0.008139295925028645,0.007703945196412147,5.472044224227349
1405,0.011661835481090628,0.011405582316296839,5.446707434059981
1406,0.009654922373369868,0.00919875361133979,5.432517665651643
1407,0.008547819466282996,0.008091419879040232,5.460498818926286
1408,0.00837723371197274,0.007964790244210254,5.434011165489688
1409,0.00859249666147004,0.00806165809380586,5.463723377474707
1410,0.008681390084572242,0.00833308711215724,5.436757596312871
1411,0.008502471793160188,0.008130705503411311,5.461706903241948
1412,0.00790476753852376,0.007442629356914538,5.469627323997052
1413,0.008672732193132221,0.008159753347156603,5.474351034665551
1414,0.007978747240057458,0.007485659790776055,5.468222754593512
1415,0.010830538086013745,0.010280780129151741,5.462581620909278
1416,0.008281340378719075,0.007747250034526782,5.453969602875258
1417,0.008060431243444547,0.007580340950285332,5.437585443484193
1418,0.009274743430084633,0.008816084985556309,5.450588260293305
1419,0.008051274202198712,0.007543391296979589,5.451347269441358
1420,0.008218745574388241,0.007714158800864424,5.453185778016657
1421,0.008040983592128828,0.0075558406113402435,5.455375246100687
1422,0.014148176441316343,0.013806066988424405,5.445420583216242
1423,0.008056196402961593,0.007520780535000881,5.485784875118262
1424,0.008497792295232356,0.007960976606833075,5.485755101279661
1425,0.00789797654568586,0.007299709919945092,5.47873283497154
1426,0.007881567571083294,0.0072142371588413455,5.497300998496211
1427,0.008214915062603636,0.007668627126363477,5.478391596361677
1428,0.009275767387060232,0.008670824827492467,5.489770190070681
1429,0.008073606539209324,0.00756514445624435,5.458320909641454
1430,0.007917186281922107,0.007402018602715066,5.458346129156587
1431,0.007926245920433048,0.007415947137453993,5.46021864826595
1432,0.008597678129889338,0.008102998435617334,5.466507550821806
1433,0.008246553943323673,0.007708582116174411,5.473045233902589
1434,0.007968808456432318,0.007448150404399342,5.481834596689215
1435,0.007887239371217807,0.007339038973116195,5.48537006508695
1436,0.007987902800901744,0.007515946482545514,5.450938019886239
1437,0.00791497909319237,0.007398230369495848,5.454254865324989
1438,0.008963303314036405,0.008327496211042751,5.477258148742958
1439,0.007907731336476185,0.0073294090727029065,5.466176445908818
1440,0.007918917001886612,0.007376476418668687,5.458341516955514
1441,0.007936783842745916,0.007434764836641632,5.436338285300923
1442,0.008034327787352438,0.007490037203030462,5.442869222847001
1443,0.007927485823774262,0.007402753319244111,5.449041607231184
1444,0.007951125867154274,0.007499958665239397,5.459182610716087
1445,0.007941570225573062,0.007503136010492822,5.460071595544025
1446,0.00843496845519122,0.007910996567650276,5.4675200515891635
1447,0.009080047535719286,0.008495783138003369,5.4892978377340444
1448,0.00815954539446781,0.007594869871418506,5.492027225849044
1449,0.009533938198759407,0.009002581706083075,5.477133711181679
1450,0.00793139471797907,0.007473605476388732,5.490428110585325
1451,0.00803691484165355,0.0075491923647022,5.47885063946581
1452,0.008456277028797667,0.008033670527851573,5.4617681003886105
1453,0.008152060871525669,0.007644411096642757,5.4647829285518235
1454,0.007914563191149294,0.007419827174097321,5.460682395601953
1455,0.007911545611283604,0.00738970728946875,5.467567028928018
1456,0.008749532232148312,0.00831775048496879,5.45498491508278
1457,0.008963152069367502,0.008599011219694853,5.446871355731723
1458,0.00831390296958707,0.00796696108521198,5.455516602362619
1459,0.008215404596807497,0.007881716170343289,5.4639470994708415
1460,0.0080732600566727,0.007618797805882413,5.466399650842409
1461,0.007990138100318988,0.007473271152933239,5.472196201187742
1462,0.0081197462136791,0.007610000723190982,5.4714246788831105
1463,0.00792871873807983,0.007388091008356357,5.461723594751529
1464,0.008539302219947453,0.008001443590323721,5.456621759136752
1465,0.007982851548426751,0.007539627770931675,5.4426910475850665
1466,0.007917367013690835,0.007444408391352611,5.466727527073185
1467,0.007962694695019949,0.007571158285992718,5.4445439274475005
1468,0.008190184893274225,0.007820993047410654,5.444974566346747
1469,0.008260954425096114,0.007795104101742639,5.464718977775968
1470,0.008208492343487224,0.007810297702408724,5.4551244634858005
1471,0.007915554275249266,0.007502385074715259,5.451866072786082
1472,0.008043383985836651,0.0075313599488916055,5.4704338055008
1473,0.00791456118551432,0.007421523373745163,5.463877488101437
1474,0.008084474324637703,0.00761279631921663,5.465774995430355
1475,0.010281476471706017,0.009918618794719992,5.461332395214111
1476,0.008208493296939531,0.00770374669004271,5.47179092946414
1477,0.008658065232784628,0.008273373004214544,5.439433011236018
1478,0.009023692029905429,0.00859813314163749,5.434925825519929
1479,0.00843534577665352,0.007901684228712536,5.453535837454181
1480,0.00810011501874256,0.007583154714240623,5.4780807749675
1481,0.008038368389887463,0.007622038913362318,5.458655401666363
1482,0.011161161511906383,0.010821735766376853,5.45425634756036
1483,0.009156771571140518,0.008628196978224163,5.453154686904985
1484,0.009985462539557767,0.009412088722197396,5.451724839469852
1485,0.007940400112369184,0.007423729130419706,5.457737881314346
1486,0.007925334603686109,0.00741459562482766,5.461189027276429
1487,0.007913280002535189,0.0074063913396267955,5.472304283614803
1488,0.008352956089375987,0.007945503678241138,5.4489382292499275
1489,0.010322606973743386,0.009933693795953397,5.464782792778335
1490,0.008988014860956295,0.008631364620043663,5.445553335645959
1491,0.009500911199597943,0.009150919650206606,5.42977720857637
1492,0.00867961895698798,0.008264909632868498,5.440800699043065
1493,0.009184637658290898,0.00878222863105834,5.4635637415336635
1494,0.008069058167387391,0.007625695536710845,5.444471730444879
1495,0.00996810629980662,0.00958005369687441,5.458597165267653
1496,0.00823760483094087,0.0077739932107237925,5.456283504372264
1497,0.008259929520491687,0.007758612628337566,5.456379949783099
1498,0.008100722951507502,0.007700134194577161,5.473100812730028
1499,0.008806911391097693,0.00832021952684943,5.484125210263775
1500,0.008364756149968029,0.007917124213754581,5.47383922776899
1501,0.008244033331529585,0.007658137176810138,5.476163640740653
1502,0.007911359128101203,0.007428641681655536,5.460050323946695
1503,0.008443872859945571,0.00788534010193169,5.463087759547184
1504,0.008525115099042756,0.008090123968347898,5.447788088174043
1505,0.008397515610574599,0.007900255254724917,5.437532119399453
1506,0.009596304002653157,0.0091886373665768,5.445671993318294
1507,0.014323978949010321,0.01397902473859724,5.451366572486297
1508,0.010510460051669633,0.009922390449254392,5.446329555798751
1509,0.00806686806885364,0.007665838602583372,5.445710608699088
1510,0.008224471750800329,0.0077389616440820454,5.45559576009423
1511,0.007947697708370357,0.007508290928580468,5.459496392743766
1512,0.007988943115136203,0.007524533058283183,5.463707342041783
1513,0.008463311138041189,0.008050801851161712,5.454798712321233
1514,0.008479897043819438,0.008106374003030546,5.460967140706892
1515,0.008001851505688476,0.007630850039133413,5.452735958069757
1516,0.011018536464534465,0.010776849845435466,5.46239137321212
1517,0.00828660715889774,0.007862561090609564,5.471506635707737
1518,0.009114266053220639,0.008700616844571078,5.504209130005318
1519,0.007962891269676257,0.007495393280861833,5.500559639789731
1520,0.008095118746487702,0.0076792455310601086,5.4897941462137165
1521,0.007915164924316827,0.007450933338529747,5.495996240843098
1522,0.008544762932209871,0.00806732070815188,5.478912817816213
1523,0.008192184486218768,0.007690625153177293,5.479753340058271
1524,0.008341945606572013,0.007871267328028217,5.479772992121314
1525,0.007976663374424138,0.007515111333648931,5.489289885547793
1526,0.008942028919237639,0.008519968267039397,5.465179655280902
1527,0.008951512312695486,0.00858466144729102,5.475615490655965
1528,0.00826500804861366,0.00790606978841422,5.490173078732896
1529,0.009413365485104129,0.008919435236236534,5.483731880847118
1530,0.008025576732534113,0.007617538858389224,5.491397024436065
1531,0.008025130189378447,0.007611388247730477,5.469135608750513
1532,0.008008537912088108,0.007508246540914294,5.482363973688262
1533,0.008434072530266177,0.007993309965797554,5.4749937599857885
1534,0.00832606900163501,0.00780302251617033,5.462271408622838
1535,0.010616976005931793,0.009995427496277605,5.456538460848417
1536,0.008543102032546677,0.008020571953043792,5.444403917380038
1537,0.00811415556976693,0.007564172549409013,5.457981953972445
1538,0.008015566112659116,0.007406276920006578,5.475708690542657
1539,0.008066014493172154,0.007537823521328298,5.461968205945949
1540,0.008598802193866138,0.008120780220064447,5.477488017935766
1541,0.013378948207477818,0.012976790538494789,5.465454778710214
1542,0.008128755439758767,0.007724480512646585,5.453692735624652
1543,0.007927817768183215,0.00743556713689641,5.469486070004995
1544,0.00791839027254812,0.007465555252888819,5.4728097760386945
1545,0.008700100833484119,0.008293122824941547,5.479521212125128
1546,0.008095714356086855,0.007615259127994591,5.477681198711739
1547,0.00792933291278642,0.007388428822403422,5.485938796781249
1548,0.00809971686207526,0.007596208202401936,5.477269991272063
1549,0.008121629020160429,0.007588128838515973,5.476703866387155
1550,0.008772163995919085,0.008355434157929633,5.4574866140275695
1551,0.008032781040880227,0.00760049215877056,5.440662691671198
1552,0.00874291783486651,0.008229502492174657,5.4600360662554195
1553,0.008165240832728488,0.007645774790749849,5.477091458257119
1554,0.008053064586850256,0.007604998869893266,5.445065903187871
1555,0.007989768282727374,0.0075426945667269865,5.447590985568548
1556,0.008963742814659963,0.008440818406070364,5.44687119581965
1557,0.009753564360229006,0.009365439185089221,5.454821531507012
1558,0.00836213091617198,0.007946392008558388,5.449774154995703
1559,0.008133683297722107,0.007738304987346955,5.456961839911351
1560,0.008060305735393567,0.007654003811281701,5.465622949836831
1561,0.008137230747372999,0.00769959692049094,5.4539833784886245
1562,0.008403403801048901,0.008008615993906862,5.448799538131087
1563,0.007927033482382424,0.007510595293166222,5.462505035274119
1564,0.008533504940333095,0.008104119262117357,5.442531243416222
1565,0.00790206228100925,0.007464113627776784,5.464490587896524
1566,0.013516462715121356,0.01294142843700538,5.455160142518951
1567,0.007983449321033963,0.007556134269951711,5.448965964498506
1568,0.008650366229282907,0.00815768288100189,5.468453235329406
1569,0.007908402810617889,0.007488342534731064,5.459239862480889
1570,0.00791763549883349,0.007410309353167,5.458223400782046
1571,0.008476161241968237,0.007979793585753224,5.445927833069069
1572,0.007911070642660138,0.007464099381328506,5.471425535241121
1573,0.008351284299508425,0.007815970876327311,5.488902599970478
1574,0.007880273310447734,0.00740577137301522,5.491615457696042
1575,0.008653053030433611,0.008089293373827038,5.48587332080747
1576,0.010160592000097866,0.009841460395336623,5.452032569543254
1577,0.007965967564455383,0.007533614470102764,5.461986483006488
1578,0.007951339839250109,0.007585632598470905,5.4583980677188055
1579,0.007938580149285725,0.007568332709447529,5.466489061560562
1580,0.008019718981255143,0.0076764010672400705,5.448687611824102
1581,0.00790927632128758,0.007580551172395989,5.46353751717947
1582,0.007913646905795373,0.007563787427677994,5.471802691237767
1583,0.008059498418123005,0.007694252112804465,5.4585309173528
1584,0.007929963551688707,0.007497211357612298,5.48115574830971
1585,0.007957097682987298,0.007564193813360593,5.4763096269376685
1586,0.010583299446013581,0.01005738991785682,5.496492308889959
1587,0.00791786760876895,0.007426782279089587,5.49589084598281
1588,0.009481411428373835,0.009169053812660777,5.456099333457174
1589,0.007930177361295606,0.0075026969135115334,5.4897950780784335
1590,0.009741371477572692,0.009253210322461411,5.484247864874438
1591,0.008129979152491673,0.007582663180046269,5.501640410118808
1592,0.00792759676263577,0.007433828454971386,5.481652039115546
1593,0.008585696291209373,0.008103367683985136,5.456071931020379
1594,0.008960018099158458,0.00833222887302921,5.477197135687582
1595,0.012946766170600782,0.012543576342168102,5.453179499620756
1596,0.009254971564256777,0.008742973191837167,5.473179198602154
1597,0.008113410767515903,0.007511658521701417,5.485276283376637
1598,0.00943906140283526,0.008798157193892864,5.483181171413422
1599,0.009677468780357258,0.009212451108292757,5.474137451229237
1600,0.007896526228044775,0.007428578020430472,5.46928547026571
1601,0.007926666818699468,0.007472568020050324,5.461379464614385
1602,0.007956442680017613,0.00747082269341898,5.465914316255436
1603,0.008024247958821283,0.0075216732412138835,5.4676414435144975
1604,0.009204938961382204,0.008711621639445664,5.464585534629213
1605,0.008466300795284515,0.008016442939542711,5.4536527183759205
1606,0.010719703126371202,0.010327956272163315,5.445262082448065
1607,0.00806721284357727,0.0076275305703235935,5.4446372568720225
1608,0.008008122304908168,0.007595855674733536,5.457443337991528
1609,0.007941836996403105,0.0074977419353690015,5.460688345585791
1610,0.008741194496647987,0.00837400469405166,5.445090017133352
1611,0.00790418800551,0.007435772328798416,5.462195681627241
1612,0.007929497583320967,0.007378444879512206,5.465656383912783
1613,0.007921006307322969,0.007376928820351871,5.460436388168029
1614,0.007930270559428727,0.007390822018537737,5.4629458692394195
1615,0.01053396672822648,0.010031476686878989,5.490269846783641
1616,0.010171898458650594,0.009741866218159536,5.453888348022067
1617,0.009331764155759262,0.008857290896273446,5.458689295025549
1618,0.009316468028170384,0.008880450915445811,5.45095575565187
1619,0.007937412668817418,0.007521369284879225,5.460741555455069
1620,0.008087254795635067,0.007641667225233352,5.4749070334500365
1621,0.010704902080658307,0.010305308174209599,5.463145096942798
1622,0.007921937847059763,0.007454886701326709,5.4596289009956
1623,0.008383615143790364,0.007910764403408377,5.4654361881926246
1624,0.007933668503413926,0.007448738107606758,5.441770723866152
1625,0.007924335111703113,0.00748694288949754,5.465018590696073
1626,0.008082002117138158,0.007607980213363919,5.447093468145381
1627,0.008376181329177064,0.007956303551978544,5.452969383417274
1628,0.00809150922910786,0.007581221079289552,5.47694321099681
1629,0.007956493372242206,0.007490351940464792,5.467448617653511
1630,0.009702800416180341,0.009396298789761096,5.450697829382861
1631,0.007939883951632769,0.007512486774564783,5.442707459059047
1632,0.007956227431049186,0.0075123848526291075,5.453237491633322
1633,0.010782059926821654,0.010376536114599804,5.453459305017242
1634,0.008571162797620466,0.00810223131339579,5.4647637198791585
1635,0.007984119374844924,0.007531034394839012,5.449146028625753
1636,0.009028921839806407,0.008572913972021472,5.437655303792496
1637,0.008700370692345508,0.008186759209909949,5.424627890242423
1638,0.008722387619815837,0.008216399878602463,5.426869738441409
1639,0.008019044479188404,0.007555593979128205,5.438506872570105
1640,0.008599885300263033,0.008139258967987626,5.435402962641955
1641,0.00799110120135726,0.007581339145660947,5.413956733584673
1642,0.009164270251460781,0.008724099129063419,5.420007253965544
1643,0.007935084973868155,0.007367669630562526,5.4381911027002285
1644,0.008285333051798214,0.0076916651057599055,5.450297135584055
1645,0.008093509660012635,0.007592033691301028,5.423114278369398
1646,0.007988773364918166,0.007510728648171468,5.425856903846503
1647,0.00850498374969957,0.007984291653447594,5.434234782553445
1648,0.008171681446744699,0.0075759848918041574,5.433478145034064
1649,0.00832626433806419,0.007788918147009095,5.417521021951423
1650,0.01175100798876429,0.011336622122313811,5.430779103293627
1651,0.008674366612157213,0.00810876620219919,5.41127794142893
1652,0.007960674291316803,0.007424834154009876,5.421128565049475
1653,0.00857080512076334,0.00804942902381476,5.41852592414974
1654,0.008465792535487198,0.007950872835575884,5.4206350145653595
1655,0.008221069015514379,0.0077875710028704895,5.427398534013506
1656,0.008012521228646966,0.0076073937852323805,5.43881236049646
1657,0.008006177277286686,0.007586003696765019,5.4416527464183435
1658,0.00795812426718153,0.007448334989523684,5.479282802825727
1659,0.009936423787289544,0.009523445102574999,5.486662931041231
1660,0.00831589275322046,0.007931542077505788,5.468722494438178
1661,0.007926438210013783,0.007443720931914356,5.4595065315409315
1662,0.008489440723215778,0.007969471667790759,5.47718692735708
1663,0.008324034170779092,0.00784145484501613,5.459748739234141
1664,0.01000656106728645,0.009564613830379395,5.453609383392566
1665,0.008937337569234836,0.008384330094821802,5.470942627413005
1666,0.007940838504211263,0.007469096935462999,5.442638055412482
1667,0.008090072533850265,0.0076277748362210815,5.452037290885972
1668,0.008306296411926919,0.007841785713588182,5.4497165810482
1669,0.00791007765251713,0.0074441195501359515,5.458801231716221
1670,0.008666391162010937,0.00826546609300373,5.452534958447078
1671,0.008605049216250826,0.008070238231384856,5.468068822499635
1672,0.007955988765231283,0.007453799653505158,5.4693455048447035
1673,0.007990604619221612,0.007462614751958248,5.4748798225121025
1674,0.00838182810669139,0.007862415319566395,5.473836049721664
1675,0.008087220920164655,0.007546361264262038,5.463946218020382
1676,0.008262043243763523,0.007717632716687359,5.484004340425655
1677,0.007891187653363762,0.007341076240478658,5.493686235819151
1678,0.008005017856403845,0.007517833158026312,5.463688849594092
1679,0.008912277015531364,0.0085596227981853,5.455120694959232
1680,0.00796451841345794,0.007517362391458511,5.474777459037268
1681,0.007992005333950888,0.007449897764880443,5.486306499483239
1682,0.00974946137487593,0.009314415391952751,5.469321231574383
1683,0.00791277183460503,0.007358927694519094,5.489041761636659
1684,0.009145492711701089,0.008594333281622821,5.495606596157447
1685,0.007877097924018332,0.00743803009513675,5.491491919766787
1686,0.007976453699141083,0.007464347805432791,5.509531462768392
1687,0.009198937693613537,0.00868986681407682,5.502105547077969
1688,0.011969907484104692,0.011629561681119057,5.473574662587908
1689,0.00962116786021851,0.009243756924639687,5.46884096088919
1690,0.010814017315716908,0.010467197760143892,5.477291522562709
1691,0.010195998869039848,0.009883630140497507,5.4736461175955125
1692,0.0083890157015707,0.007980420782268285,5.491666534917178
1693,0.008979260848781203,0.008596564921257918,5.494426714113342
1694,0.009125245307873432,0.008545349720285587,5.505349364322147
1695,0.00787163196725128,0.007407947470759775,5.494000112498681
1696,0.008110908550593382,0.007613913410549544,5.512075210568764
1697,0.007858714891349396,0.007341291829041287,5.5124510929603225
1698,0.008810686996197381,0.008238041747657339,5.484783010479285
1699,0.008346200569763797,0.007789685649379608,5.486010338173809
1700,0.007975869761774789,0.00750296135000019,5.4735934452371655
1701,0.007968669490547498,0.007544365315342657,5.462916093723992
1702,0.008595000235580888,0.008127065156927763,5.429386011321329
1703,0.011022545588578144,0.010693092848543985,5.436876559321876
1704,0.008140565526460006,0.007716922674559953,5.455738920387306
1705,0.007988716420640439,0.0075281120462674924,5.4520960583306355
1706,0.007900864534037986,0.007417633361830815,5.4877621158518215
1707,0.008184748570706635,0.0076849170625398625,5.4809110338284555
1708,0.00819818926799805,0.007645381894355346,5.492941213656915
1709,0.008237988032720968,0.007679902259732489,5.4960625290591825
1710,0.012379693662669526,0.011978227251269697,5.490426820542462
1711,0.007894132441301905,0.007333928499697901,5.489428783533137
1712,0.008072188414698755,0.007595392270299157,5.483277573887628
1713,0.00881772807718233,0.008305318235057292,5.4754621325181265
1714,0.007898913817039556,0.007426135174218322,5.467146467113951
1715,0.007927575310210138,0.0075251558043557916,5.443401911053861
1716,0.008028709075314312,0.0076360700520214965,5.463912371485534
1717,0.007935673347703369,0.007481141768002077,5.466749662284389
1718,0.007957072849513993,0.00752199702921654,5.449377615006764
1719,0.00797162895476227,0.007506173399353455,5.436527139178107
1720,0.008230144043555845,0.00785065341332788,5.447807801478626
1721,0.00798813849466006,0.007562882589377987,5.4599925787683405
1722,0.007922326650883492,0.007481659758668504,5.446405636932403
1723,0.009473864514000606,0.008952727524962581,5.462383289289416
1724,0.008094284324341531,0.007648117945054008,5.474525750400965
1725,0.007891759982988442,0.007452264907984186,5.482503223161756
1726,0.007911501459326651,0.007495269100065071,5.483101823867357
1727,0.008046544610300762,0.0076468333289826315,5.481565538508649
1728,0.008837624195512709,0.008374391336249643,5.483943269130197
1729,0.008291901985174282,0.007914457612155822,5.483447647039375
1730,0.007903514139495804,0.007527718203259947,5.466284581985249
1731,0.008164388322645339,0.007753913643735751,5.477896131806759
1732,0.008085910717572744,0.0076919677083043024,5.471396632789002
1733,0.007879554337811413,0.007434790742021219,5.496543469707073
1734,0.00855251463421221,0.008172857189408803,5.489384150392856
1735,0.008020318955948486,0.007518724282560574,5.504308579634513
1736,0.00809591225119364,0.00753997655051737,5.510404656235629
1737,0.00816499069169138,0.007628208438166115,5.48505065534729
1738,0.008406165645214092,0.007980129782495479,5.471054058716188
1739,0.007999800868972305,0.0075739858231744775,5.473587386014117
1740,0.011604037945285979,0.01121669151647786,5.48828432473865
1741,0.007887998613846054,0.007430617188929886,5.489097138267663
1742,0.008790660812331649,0.008280320211578414,5.496483740729838
1743,0.00837807352699037,0.007969467346911532,5.4927950115866215
1744,0.009401070525931539,0.00892570919316982,5.4548278134592705
1745,0.007943297540962374,0.007518513511459939,5.443503970548215
1746,0.008343346351291272,0.00783431913923473,5.450076869086921
1747,0.008645413590388451,0.008188027391502579,5.434191903386737
1748,0.009406854906516679,0.0088789528118508,5.455387516193385
1749,0.00789438374743655,0.0073861281132412025,5.472127624315516
1750,0.00788119626115086,0.007378806166863894,5.494012842402693
1751,0.007919838046828265,0.007431290853473233,5.49303139521238
1752,0.010184588806296935,0.009738700622357975,5.495737872039513
1753,0.007917503470837573,0.007406707658453591,5.448435772518812
1754,0.008235046789623342,0.007783400089185389,5.461508339556493
1755,0.010211958023283887,0.009819345392638509,5.436365858910155
1756,0.007959238602961376,0.007468772684315091,5.450340584392144
1757,0.008087053162801339,0.0075050644247602796,5.473524752687071
1758,0.007908372996379863,0.007429502423866401,5.480416129622228
1759,0.008297617265143447,0.007785079696323169,5.458258438203312
1760,0.007909827240554146,0.007407135267999156,5.457424202075925
1761,0.008558346442654864,0.008010278302119672,5.470036871594333
1762,0.00854290876113291,0.008039872126124867,5.464223889509985
1763,0.010736338672078776,0.010184415639480332,5.469743012500391
1764,0.007919714370408431,0.0073571407704570635,5.449070729455622
1765,0.008084754182654516,0.007539443434863007,5.43457682350472
1766,0.009830708673313017,0.00922904502192224,5.455097151043051
1767,0.008292473521762978,0.007816780448339363,5.437172519405342
1768,0.009401258862023525,0.009048628607263296,5.429313418198289
1769,0.009701377219131953,0.009172001840261594,5.477538474987244
1770,0.009364422824731664,0.00900005392536768,5.462581907675035
1771,0.009084313616918025,0.008669994453186494,5.469490194207875
1772,0.009444995014177919,0.008998310667686133,5.464327043013616
1773,0.008191474790600298,0.007678734857199026,5.4773274194384225
1774,0.008459228880542681,0.007936681586858268,5.47474068529973
1775,0.007941840003714755,0.007479512487511269,5.442239177275562
1776,0.008160465101104025,0.007644305109777243,5.454773577602989
1777,0.008267827746057338,0.00770263678904221,5.465628885585085
1778,0.008013490576433193,0.007553235351926839,5.44009326444863
1779,0.011790516893797455,0.01121075356517566,5.458317272342263
1780,0.008546801390117369,0.008028833017091066,5.455134540262426
1781,0.007910406410818142,0.007380127296172187,5.467719454287712
1782,0.007974767406682143,0.007499170958702695,5.460449789517776
1783,0.00870681060691265,0.008182159098404989,5.459117571474499
1784,0.00847285558836665,0.008101059851203424,5.455398540868922
1785,0.008378870581047502,0.007906492954579488,5.4636612494741446
1786,0.00805165625181684,0.0076260289927729255,5.467435697210009
1787,0.008710191391841498,0.008167681800104295,5.457167284592121
1788,0.008739304461103293,0.008246827636936944,5.431678432594278
1789,0.008126982381327605,0.007703303750990524,5.459578052817383
1790,0.008073998484552078,0.007627868379629926,5.451475418309913
1791,0.008343113354324033,0.007985553243086887,5.4490640127910766
1792,0.007966836385219032,0.007517110000667241,5.467675269350228
1793,0.0086681797411153,0.008280654633837686,5.445703841461247
1794,0.008777495923494149,0.00831124351702049,5.46109636823642
1795,0.009325826066722304,0.008831664453590295,5.440226254538231
1796,0.007957513093206591,0.0075138301802145984,5.445556814441092
1797,0.009337817229386584,0.008839468375355179,5.452591626573534
1798,0.008178903110088863,0.0076934437422945786,5.455957729670311
1799,0.00798052129900502,0.0075899579653581585,5.446224670062422
1800,0.008773874570186349,0.008359253150937116,5.453246185287366
1801,0.0095680750837708,0.009089230216405071,5.471603339464339
1802,0.00790300350958885,0.007437201163990713,5.461976648635391
1803,0.007918438597590631,0.007372797595663682,5.47165762511649
1804,0.00827418809932504,0.007756648696420809,5.441876133440836
1805,0.008648709111818632,0.008104609019194225,5.432149053587011
1806,0.008348683085384324,0.0077519027029560586,5.464689520520458
1807,0.009690269880998588,0.009083919807581137,5.465054098338617
1808,0.008481878105726266,0.008034245415765157,5.449438279701628
1809,0.008866347561898667,0.008429175398756731,5.456227579923717
1810,0.0082392726985154,0.0077869567907212205,5.477863427479759
1811,0.008082817903215007,0.007630340110963456,5.490070900528076
1812,0.008049208299002946,0.007655733086555323,5.489855281006853
1813,0.00950850299628171,0.009136229086141657,5.509789427970835
1814,0.007890015124340448,0.007505315263741913,5.502113177637299
1815,0.007924670514496683,0.007511643451105645,5.485268652892996
1816,0.008389931231967396,0.007998274188300684,5.491057533631041
1817,0.011420599098514768,0.01090140324978643,5.508517373476392
1818,0.008430109888489417,0.007927371656734551,5.496177146106617
1819,0.008376390629318827,0.007878735350962405,5.510848315898052
1820,0.009187103878968013,0.00862190514827224,5.4956289217822905
1821,0.007923309875054073,0.007404534461178681,5.497219238030356
1822,0.00809553774111245,0.007576363525478662,5.486733733667931
1823,0.00800586914645093,0.007469034737458592,5.4629597810644395
1824,0.008027548841532468,0.007520815460292801,5.454133362579235
1825,0.008077196813223725,0.0075774651761113705,5.459816629935236
1826,0.009190361274755249,0.008725330391011185,5.456979461399948
1827,0.00791954142040443,0.0073887258480355615,5.459357983413396
1828,0.008494167611629005,0.008025625380458168,5.458679988517352
1829,0.009324612760387931,0.008741121153148368,5.459713198603501
1830,0.008071333587328975,0.007537486102586574,5.440281685273113
1831,0.00792626249950511,0.007377769853557434,5.4543248993757025
1832,0.007911307204625073,0.0074062378533685915,5.465998475760453
1833,0.008843824065152755,0.008298206439200585,5.454637064958845
1834,0.008473476487671775,0.007988953142031135,5.461662158334632
1835,0.008680882489622451,0.008209827971984952,5.452554445847037
1836,0.00790934376917064,0.007437392811879777,5.46535529569257
1837,0.007960240115956588,0.007549718407180545,5.468407205301179
1838,0.008212909815804758,0.007645559552511594,5.491027105614277
1839,0.007908737494783472,0.007440416967179274,5.4866847338221785
1840,0.010597883654062295,0.010155512285382962,5.486371209799287
1841,0.009972622913805811,0.00946485706888264,5.507261331915883
1842,0.008836128189765627,0.008360574822779996,5.483913870529017
1843,0.007977804513799737,0.007482597546061982,5.478586035308232
1844,0.007909718321515066,0.007427080852071179,5.496304762057756
1845,0.008150973140994017,0.007668552486957287,5.4789252353498235
1846,0.00789575981048282,0.007431064360263423,5.476014588266443
1847,0.007872547834214667,0.007402512256059682,5.492843229878888
1848,0.008285243512239488,0.007790402872957875,5.487320528033746
1849,0.008089383578953346,0.007543463382135598,5.472384673552808
1850,0.007886003896722735,0.007396052904537271,5.48005826877207
1851,0.009718960479228564,0.009323784711056,5.47410458283707
1852,0.007873856943333856,0.007437493620728726,5.492255177578184
1853,0.007947501938360321,0.007530544119897179,5.4734728443264125
1854,0.010418610747667395,0.010090310519778552,5.471553767230615
1855,0.008949187725485704,0.008380024476260595,5.473005859996225
1856,0.007942707565509714,0.007451817126974692,5.433330810542049
1857,0.007902703431110169,0.007466554705678764,5.464750701489689
1858,0.007895283156082643,0.007428718744892719,5.470930937356041
1859,0.007889147546958793,0.007341077622329514,5.4820865496189635
1860,0.00876956449161128,0.008198048184360042,5.481904740931089
1861,0.007949551504977167,0.007433687994054475,5.44971276873436
1862,0.008767857489938765,0.008206651585293146,5.470139028700411
1863,0.007950037505567758,0.007450075966109718,5.4503005442529044
1864,0.00805893212730859,0.007566134491375421,5.4475696991547125
1865,0.007918606697754222,0.007443299959137988,5.461424134607346
1866,0.007923888832714273,0.007498736035593692,5.449163904878418
1867,0.008895793749174609,0.008497802462508496,5.474419147020797
1868,0.010932344543972778,0.01064631098080523,5.466649555113195
1869,0.00802535590223653,0.007613707977785023,5.475777166236645
1870,0.008027987716493941,0.007597287109211773,5.48785976725851
1871,0.007854941036348229,0.0073431080374104715,5.510702624010981
1872,0.008048874618664388,0.007541222043695378,5.493432198013981
1873,0.007910681242520205,0.007374556876653309,5.485390787157698
1874,0.007907081010026034,0.0074012385609708905,5.479390335946702
1875,0.008085665767759813,0.007555264442693909,5.494846306000878
1876,0.00811330654159806,0.007568282967109442,5.492778499736
1877,0.008088346821012653,0.007604925578309101,5.490265906394573
1878,0.008831568720069275,0.008328020559188175,5.495874032661064
1879,0.007873623517167652,0.007367976379350528,5.499851651044493
1880,0.007870572225365245,0.007359982390939036,5.4951555055364425
1881,0.008056702025987125,0.007560989985327268,5.483486994684025
1882,0.009589589565098476,0.009079434657801286,5.466492198120354
1883,0.009387996252933203,0.009037907944573344,5.461139506802136
1884,0.007882014260877741,0.007459615893187317,5.484982674560751
1885,0.008363508342527186,0.007949114856095865,5.482272108077311
1886,0.00803537074904854,0.0075418887927437275,5.487597291818142
1887,0.00790392504242071,0.007422079610336617,5.485932011473592
1888,0.007998141361328842,0.007484116795246188,5.483839103546767
1889,0.007962264078747451,0.007439396294877719,5.501094332485784
1890,0.007960807907719055,0.00741667893193209,5.501605662659653
1891,0.008916154580875944,0.008403136025867279,5.47946168979189
1892,0.010988242319677065,0.010616678847008018,5.478959709543203
1893,0.007927094743387406,0.007456743644341078,5.484937959550374
1894,0.008176510067411066,0.007737343442191215,5.459522034434953
1895,0.00789904369525941,0.0074084185318036835,5.472765595826756
1896,0.008561716011248438,0.008029795097070924,5.481120954483616
1897,0.00942302818901315,0.00886239737078364,5.470428407208187
1898,0.007932035088986556,0.007515198282124267,5.440409057110136
1899,0.008118112662459022,0.0076559873575344755,5.467297327491283
1900,0.008844247608193537,0.008235378523334422,5.503193599381408
1901,0.008528367719145467,0.008015231772130633,5.513230117930448
1902,0.00805256181478058,0.0075268258788244915,5.508257503384481
1903,0.008595124565199126,0.008021651127141526,5.495138392804613
1904,0.007875729711630025,0.007373983938245267,5.490492836706371
1905,0.011150622649242686,0.01082077682421172,5.459372242025228
1906,0.010989039660161397,0.010426268161614963,5.494618442627894
1907,0.008207049950727503,0.007670053887276333,5.514670717736867
1908,0.008097246094061454,0.007596254351678183,5.525002070870272
1909,0.007915768006320021,0.007367295895226365,5.529917570423354
1910,0.008090412753716523,0.007547667842566023,5.503386854705809
1911,0.00841446692909156,0.007902025351054866,5.506391156639547
1912,0.007910226629447754,0.007477834974305887,5.4668785015634835
1913,0.00790158175263573,0.007509828228945308,5.468661457075987
1914,0.007930162808826196,0.007512697342049943,5.493863633249694
1915,0.007893882462419836,0.00744210177356367,5.511791928370641
1916,0.009321185000508964,0.008860381279118344,5.473591539596781
1917,0.008035554328052872,0.007572353884190815,5.485356852660274
1918,0.008403193192706342,0.007867256854063429,5.510917002292278
1919,0.010083831579914174,0.00959122036788511,5.474446635880837
1920,0.00788782104008177,0.007439061588001878,5.487927657961653
1921,0.007942130162258613,0.007499224317764802,5.483583980071458
1922,0.007880002865482526,0.007446022078317834,5.487041439582752
1923,0.009043349642242439,0.008474885619102888,5.500112824632076
1924,0.008028086787951734,0.007565428817804544,5.495744814476518
1925,0.008476115874810232,0.00797743013049421,5.511507905555156
1926,0.008033531030521854,0.007624671438313919,5.49644353997664
1927,0.008324136717859662,0.007948766517305205,5.480859149862053
1928,0.007893786312892845,0.007366991979251198,5.521284604448928
1929,0.008083232625997059,0.00761651431493187,5.500259219603575
1930,0.009567731091502883,0.009193989168005377,5.465128110665171
1931,0.008037941160758037,0.007605146252954859,5.442963178452024
1932,0.007930024979184703,0.007468101994343454,5.440423908779827
1933,0.008898983949740128,0.008535505217245668,5.42653671341638
1934,0.008172794757853078,0.007708146818772901,5.45624771344319
1935,0.008026444279774336,0.0075113800144383765,5.4637480378532794
1936,0.007945037850730844,0.007411223685578733,5.472027128962502
1937,0.008018390441804437,0.007463266747001745,5.488656811624594
1938,0.007996409033680364,0.007470384927616556,5.469984251956353
1939,0.008041514963739818,0.0074710215606120095,5.473275629109864
1940,0.007926332032151961,0.007446182128191618,5.476448952841553
1941,0.007937591168930825,0.007495372029636524,5.472372043588326
1942,0.008062385780004176,0.00760713743480084,5.485992234338501
1943,0.009688370503380552,0.00916782783177605,5.468807995720466
1944,0.008868542230770425,0.008460327260718364,5.487367773983577
1945,0.008954523208935557,0.008388820169495966,5.457036817069755
1946,0.008017665815436835,0.007640135345398788,5.424302803150834
1947,0.007927352689590982,0.007484585398866792,5.458903648616847
1948,0.00824112981638902,0.007827530238077893,5.467359312367881
1949,0.008195652451197718,0.007778757947017059,5.468430889407375
1950,0.007970793521887374,0.007573491448397047,5.449703225100731
1951,0.008992819829514201,0.008589989020242418,5.462927421093073
1952,0.008506750637754227,0.0080071823685182,5.47487644841789
1953,0.008997600839456795,0.008630291848968878,5.492342995885011
1954,0.00885383805377959,0.008361365414466542,5.496671285191225
1955,0.008031742276729358,0.007602230474805396,5.45994200150144
1956,0.007896126764010735,0.007449045983535974,5.485107679613445
1957,0.008361366156028479,0.007927570865349192,5.489173137388255
1958,0.008542267974113584,0.008071858938487315,5.508088786854312
1959,0.00848645336297511,0.007983512719312653,5.486763214292431
1960,0.008373234265961592,0.00790652324245979,5.473263255338237
1961,0.008087951202435807,0.007689364725655243,5.4520027755308185
1962,0.010166648734265975,0.009773011192613649,5.477276940129455
1963,0.010138247102691416,0.009777236375217442,5.47379776394256
1964,0.007915221162453582,0.007451230678539358,5.484610860433494
1965,0.007972167870915358,0.007430473489686944,5.479040265322053
1966,0.008316734138681267,0.007893475865244705,5.469980245630062
1967,0.007901752364778076,0.007433055170758959,5.478810234689938
1968,0.008572773238665336,0.008162506097427167,5.454713742381781
1969,0.007945420075300842,0.0074692782143724774,5.450168210609764
1970,0.007908471481963253,0.007399351935838463,5.463899693905667
1971,0.008521325075377739,0.007963938531452447,5.460945103256283
1972,0.008176883128271068,0.007727168795655706,5.4719932158626055
1973,0.007904506660881612,0.007435770505072017,5.465407668623765
1974,0.008038535393648509,0.007600029165242343,5.456419323840152
1975,0.00789063604567941,0.007432472492464826,5.473987255450282
1976,0.008418551829758631,0.00790414776907873,5.472325267718149
1977,0.00852113346933233,0.008033982129661913,5.477087821683241
1978,0.00792805797875949,0.007443440689955246,5.483228081260055
1979,0.008043489400719753,0.007568101041085085,5.4684701702312015
1980,0.00878472598310224,0.008269288804951666,5.471054653595558
1981,0.007924827380338857,0.0075481828088038,5.445174890381861
1982,0.007939200535826306,0.00753676603202561,5.463438072503161
1983,0.008387864633075762,0.007983599073596833,5.443798580957182
1984,0.009367579411011635,0.008884735161022804,5.486380146401656
1985,0.00930707637482737,0.0089342080999305,5.488249429832586
1986,0.007889028142340354,0.007435423921232779,5.478938416674785
1987,0.008136421848785855,0.007608289579500941,5.486526863878197
1988,0.008008482168482853,0.007518666529306423,5.479715971679815
1989,0.007956394194466825,0.00758060467274129,5.455598989280093
1990,0.009858587877096574,0.009489492671146415,5.448454348976706
1991,0.007914159272006558,0.007388285687692539,5.473489607126922
1992,0.008213543723809478,0.007710025604861291,5.466614254686137
1993,0.008801669117396773,0.008246377040470128,5.474560570000586
1994,0.007892189107075764,0.007372489490532306,5.480626285174748
1995,0.007882193756495284,0.007365674772716002,5.484732810476977
1996,0.008081183694034358,0.007554772282459232,5.492297709991453
1997,0.009497610586971805,0.008897519307761266,5.487825095469992
1998,0.0079241094369991,0.007485289507012135,5.446426962198887
1999,0.009308321614894125,0.008791672981874634,5.462079925215922
2000,0.008141861078997642,0.007696152872092187,5.481985142250842
2001,0.007937111572079438,0.007440283523992769,5.451367991290171
2002,0.008047383510990993,0.007544930163955822,5.484670574075966
2003,0.008813408834670007,0.008342054240472139,5.471900183694684
2004,0.009263250898140738,0.008842034926650729,5.4714402098955945
2005,0.008562904148299428,0.007971035310691366,5.482767866070162
2006,0.009633955791247388,0.009007272678731004,5.485114971631809
2007,0.007953962498783584,0.007385835484069339,5.482770079106281
2008,0.01010281868235455,0.009675914227266453,5.453948916468763
2009,0.008126466394186323,0.007614557046542076,5.465150908499977
2010,0.007908414192763606,0.007445262271829263,5.4752645450884465
2011,0.00830249892782762,0.007845158364024463,5.460225120883524
2012,0.007958999677868105,0.007514520450703112,5.442950701816093
2013,0.008015336798941688,0.0075014519325638475,5.471618940619216
2014,0.007950421167293298,0.007411871766318862,5.501393165358488
2015,0.008804979238001397,0.00837693846114718,5.480726638675779
2016,0.007895843133346687,0.007450126282623414,5.469271842000614
2017,0.007903515734015236,0.007495325931389383,5.463007750000986
2018,0.008765391582936136,0.008300191284105286,5.449945220938856
2019,0.008832837697584427,0.008340397616505783,5.441976948673945
2020,0.008039875105470391,0.007575929060794715,5.456108062680416
2021,0.007929676059797715,0.0074750646552037515,5.454825721151432
2022,0.009104086484351431,0.008706130720580713,5.428019205479041
2023,0.008345770912049298,0.007868802282401229,5.464730169981467
2024,0.008204149997566556,0.007729186047838221,5.458048900724091
2025,0.008992458773825594,0.008431475896854569,5.4668175560086025
2026,0.00916305465547294,0.008589549591281836,5.448708230319003
2027,0.007913430101376703,0.007344492507640853,5.464635653679409
2028,0.00857420111573284,0.008066193054997043,5.451058890002765
2029,0.008137781010340532,0.007562614294831089,5.460797333343705
2030,0.007897235444764263,0.007279596828229829,5.480204532998943
2031,0.010210815232463507,0.009723768011970306,5.4572599310958525
2032,0.008021062762576438,0.007551993497915102,5.465403649355263
2033,0.008610332067684589,0.008178624847672735,5.4723989397168085
2034,0.009739521710432882,0.009140255656837709,5.477846585375322
2035,0.008212000483332694,0.007639012099224451,5.476947523300642
2036,0.009233278953176894,0.00881291065918223,5.4629379180153865
2037,0.008292069247190283,0.007779000571316752,5.471527559902328
2038,0.007937911104100767,0.0074791783461546696,5.452728796675451
2039,0.011505133256489176,0.011168935288605653,5.441211790438858
2040,0.008035132958197577,0.007568685088878953,5.456402851243066
2041,0.008121912572216287,0.007609855880472846,5.449370432627398
2042,0.00829703461818271,0.007719756163425157,5.483294004029397
2043,0.007923868801312288,0.007374284353126174,5.474320373421535
2044,0.010440863977648825,0.00985046356022947,5.467700561865511
2045,0.008302115027537608,0.007872840178810259,5.447754052570513
2046,0.008955890785368726,0.008531217725899433,5.441906179230074
2047,0.009075487599337902,0.008708497168611879,5.425375239423893
2048,0.00888218107363652,0.008513872873891071,5.439949744302744
2049,0.008320025412035211,0.007881732055111907,5.452145040034377
2050,0.009501085151061189,0.009000262998139427,5.446671259478132
2051,0.008376139853843551,0.007896449023888275,5.443569083717494
2052,0.007895405490302397,0.007393840842061721,5.469683637258056
2053,0.008254396711077359,0.007718804618373672,5.475522319256125
2054,0.008541297993276308,0.008012703428601116,5.456346373464777
2055,0.008099814928966853,0.007648239386212412,5.455884072057461
2056,0.008876126558654687,0.008330985339821963,5.471652658060783
2057,0.007909502706344669,0.007421619441699402,5.47964477939329
2058,0.00817760392687262,0.007723268610876768,5.465112656309939
2059,0.008061340167200622,0.007606887894251791,5.454203269114428
2060,0.008217111321510522,0.007841554056002587,5.430969247715569
2061,0.00838569522529563,0.007929973284215153,5.456831634008209
2062,0.009069647918374299,0.008584067320132305,5.48800184143791
2063,0.008317149774525998,0.007756234687278656,5.487420556997003
2064,0.00806662753825154,0.007575217117422525,5.489766030951449
2065,0.007882531476441468,0.007423654058969555,5.482495123707833
2066,0.007905331577644304,0.0074627456792916965,5.462293258939483
2067,0.009665898421858138,0.009165092327284947,5.460444581872891
2068,0.009468170355929504,0.009152737946025436,5.44560315542824
2069,0.008315597846782328,0.00791816864037751,5.4333529158711205
2070,0.008106412766582546,0.007701005886365545,5.451496990419246
2071,0.007935647717502046,0.007506580912285712,5.4381263958617225
2072,0.0097918561934273,0.009231738024039508,5.443555853275489
2073,0.008044570500966713,0.007517120298995876,5.44802765102978
2074,0.008158103580267834,0.00771787143668734,5.452803512125873
2075,0.008000895624352274,0.007564720773912103,5.45524859533862
2076,0.008544823261148098,0.008211746966712978,5.441955549180484
2077,0.010812267154185413,0.010266996915119973,5.436822493146735
2078,0.008676521987857568,0.008156231044804688,5.467078318782297
2079,0.00966351647403956,0.009267239915743552,5.45310079625181
2080,0.009174123775927141,0.008760638995628572,5.469743900717839
2081,0.00950051734381643,0.008927413867518528,5.489943725602075
2082,0.00945400331696705,0.009033370543547203,5.473674893340704
2083,0.007926737809220322,0.007480320870878046,5.4605432437663115
2084,0.007932827740324349,0.0074633969709491784,5.46438652624469
2085,0.007929383332630397,0.007516931298404949,5.438178479420367
2086,0.008318198269291942,0.007826705710299966,5.471635873791704
2087,0.007928477061746935,0.007562290837605207,5.443168157477519
2088,0.008458788863440718,0.008030778418164219,5.467233330808318
2089,0.007904184251389168,0.007398872650979855,5.493699575243413
2090,0.008892508861350446,0.008316745574976072,5.500605993796173
2091,0.008412455255580339,0.007922441723364608,5.495111061681026
2092,0.008945702688069322,0.008509586349366337,5.462769091167415
2093,0.008293126852523829,0.007845333247135352,5.471190211198895
2094,0.008453303494661592,0.00788687525239697,5.491092968985427
2095,0.007889887303327028,0.007353922069730846,5.493913275039624
2096,0.008134892155839988,0.007626381057651877,5.486579451906909
2097,0.008184237266264483,0.007654816110960917,5.492298942698199
2098,0.007870067111829493,0.007360018150974357,5.496505328795937
2099,0.008725665244715722,0.008186786493818302,5.496949430211721
2100,0.00814364407880897,0.007728415590207955,5.47165453687521
2101,0.007892246972330387,0.007462718147983165,5.475830675106893
2102,0.009645409688397538,0.009123566826133364,5.471509846815242
2103,0.008141419284781308,0.007675537025649345,5.471399601012835
2104,0.009372504845855256,0.008802179437467883,5.453001011652941
2105,0.00812360585205278,0.007689159754795809,5.4371646982377335
2106,0.010129700597508149,0.0095893161788258,5.44385846573406
2107,0.008062645157124165,0.007585353200541514,5.430148987988578
2108,0.00904771397364393,0.008517038781479263,5.450604730537901
2109,0.00790264372866396,0.0074092295585313885,5.470207164142153
2110,0.007904265951560838,0.007427857784982016,5.463834204193596
2111,0.008209502271626212,0.0076860218442477615,5.475248160427581
2112,0.007965526092905418,0.007471097227219181,5.500307078867166
2113,0.007886108879085682,0.007368877302316965,5.501049709394579
2114,0.013535911708803385,0.013143443089066524,5.470565263677722
2115,0.010558149547193316,0.010009787198817987,5.473828913934749
2116,0.007891249453522991,0.007484471259259645,5.473983553966621
2117,0.008074704578325044,0.007585023775325383,5.484282467352525
2118,0.007898277118251477,0.007451844193487842,5.489626977723443
2119,0.007895912600761336,0.007387480404585563,5.503244131966263
2120,0.007888994278547279,0.0073305461160400156,5.491063485122172
2121,0.008167670774337565,0.007689689146398629,5.448237414852519
2122,0.007920054094114025,0.007416822923550299,5.473371143758576
2123,0.00872809925936602,0.008305547949333981,5.454440444558072
2124,0.008574216295030471,0.008178923494171441,5.468627306750806
2125,0.008416346629692973,0.007917174105460886,5.483822710612342
2126,0.007936298133910766,0.007433902588789325,5.497917596095877
2127,0.007870070364373368,0.007421765226761271,5.50617937166289
2128,0.007956808718341589,0.007467875465478776,5.514481946159984
2129,0.007870453593312307,0.007399555447658092,5.495151886312483
2130,0.007882601622450289,0.0073836806378461866,5.48171105048494
2131,0.009086969524930794,0.008656634328158264,5.474110441614753
2132,0.008468146121534329,0.007992436313255986,5.476704424984963
2133,0.00846205952376641,0.007981921902568573,5.477757829617724
2134,0.007909663526623395,0.007395135384204961,5.495832214494051
2135,0.008518122215988112,0.007935159597639142,5.494117120065724
2136,0.008577111328079656,0.008102680179284116,5.476311329987624
2137,0.007911052428195328,0.007480105939181348,5.455122374705583
2138,0.007920971466259714,0.007452089590254971,5.462674975644359
2139,0.007893458250990842,0.00743124594655304,5.472834979813074
2140,0.008824741515817885,0.008299962953185023,5.487969646408567
2141,0.007902471952446375,0.007519478344971358,5.4637158514074375
2142,0.007897757821604704,0.0074849437747544975,5.469784828751321
2143,0.008115971284581833,0.0076241439444179725,5.464830357781645
2144,0.009502707853547628,0.008890682734413633,5.482382864118379
2145,0.007914034805692964,0.0073640469988009655,5.485393778923104
2146,0.008375035771023385,0.007755597997897985,5.481059009336903
2147,0.007985660235064154,0.007439689472218245,5.497633541670111
2148,0.008030665292369865,0.007467790583685879,5.494609595476781
2149,0.008087492064039921,0.00753791862450493,5.4780592844547975
2150,0.008133502464244035,0.007640010855519182,5.466565958738309
2151,0.008471209971936119,0.007924350211427842,5.454105343123981
2152,0.008340749683775652,0.007919820018388823,5.424246590190285
2153,0.008126688063133592,0.007646288620505078,5.454269580020387
2154,0.008826363792039594,0.008365991714456055,5.453160537551355
2155,0.009904929478670731,0.009466449745155611,5.461272071446061
2156,0.008018965955150071,0.007454595917270345,5.475750644506555
2157,0.007907711897379236,0.007396028744383948,5.467935182772588
2158,0.008024093984817451,0.0075262138449752386,5.445163635702858
2159,0.007917111929964,0.007404316888877342,5.4647160518870255
2160,0.008215907440886702,0.0076800435066016574,5.4854650332332024
2161,0.007900423782139702,0.007533740110111485,5.473665120462616
2162,0.008310618549531055,0.00783262263576361,5.503650470755876
2163,0.007978016988871293,0.007535111875506004,5.500246337423388
2164,0.007915553570432709,0.007494749853103437,5.475055609537333
2165,0.008012479260803384,0.007595271259252221,5.473704826064806
2166,0.007889112124682403,0.007355370360004131,5.490820614310248
2167,0.00791732852698343,0.007435115377826812,5.451072553564664
2168,0.008312043944101795,0.007809619243437307,5.481316705385078
2169,0.007950702636180234,0.007475653760475955,5.466458557611816
2170,0.009419993477837665,0.0090710095909892,5.464652330922528
2171,0.008080998857327576,0.007699716372977041,5.478957546002164
2172,0.00812564165549273,0.007726547134674965,5.465045919281752
2173,0.00796720986354408,0.00763681068133242,5.442512706719011
2174,0.007898638366386124,0.007482505934964272,5.467910090802247
2175,0.0079131052197073,0.007530605425735413,5.453636588190227
2176,0.011992180005820639,0.011699786389618895,5.445218084381885
2177,0.007975324681590209,0.0075043699281668015,5.442376184505212
2178,0.0079876714782144,0.007519091185884097,5.439877830292254
2179,0.009419020250337064,0.009003960278467584,5.447387746504225
2180,0.009774179165647356,0.009429511395834955,5.4478336014462485
2181,0.007923122767519988,0.0074365659272579415,5.4639308989535476
2182,0.007909795155065671,0.007431842710208803,5.459937358981652
2183,0.0088560838667581,0.008409815810906718,5.492144339881084
2184,0.008795985862192988,0.008372852720734899,5.493032349472709
2185,0.007992636623770102,0.00759281898784964,5.4882753821809676
2186,0.007950505810726878,0.0075328805282946455,5.496436931571677
2187,0.011849762207730445,0.011507030791710305,5.489035453281662
2188,0.00954402255589466,0.008963097237604231,5.518784165607121
2189,0.009550274066738397,0.008907707262211025,5.536636638603224
2190,0.009835127527562746,0.00935763559560565,5.508995673966476
2191,0.00815151376400673,0.007646788417865321,5.512819374057305
2192,0.00799918125634239,0.00750504631975645,5.512685640513788
2193,0.009229992396543681,0.008693471538400879,5.515741612356196
2194,0.007877396570586876,0.007397850466439808,5.507721803100317
2195,0.008054471297553809,0.007538247604402683,5.503276269097391
2196,0.008352437023957975,0.007797793234839541,5.518883949062034
2197,0.00797140015323995,0.007511517371236238,5.507337642121007
2198,0.00950442096918118,0.008949184656765332,5.4952328735234115
2199,0.008257339122318491,0.007728188967629983,5.493770431636251
2200,0.007921448157866832,0.007450968777770761,5.498021047842563
2201,0.011020877773231205,0.010407997664693209,5.502679868429517
2202,0.00828691487299274,0.007712080333075438,5.5089856794648355
2203,0.00894539506234489,0.008365523215836978,5.4936313926397204
2204,0.008032108764037565,0.0075642739675017365,5.483497463484673
2205,0.008140396590879756,0.00772379220518511,5.478583967779367
2206,0.00812050259526038,0.007573626569981542,5.487019775312275
2207,0.009667903423465083,0.009125597063992184,5.492661715862017
2208,0.00841659555444997,0.007941665238950799,5.500027581844467
2209,0.009351609067336671,0.008825988449101253,5.496727936948176
2210,0.009149696006801582,0.008535065514601045,5.501150701959194
2211,0.00791070278582602,0.007375359945711813,5.462826889330103
2212,0.009045832272162446,0.008464437287584179,5.489462659445556
2213,0.007873996560571049,0.007356812196767944,5.490218589156376
2214,0.009505625500901388,0.008978235753052548,5.482126036457977
2215,0.008001403835742696,0.007544539405421886,5.479112767321453
2216,0.00958222811416959,0.009060010873147596,5.4653678997989665
2217,0.007898845825200274,0.007391205737756193,5.4801815618261
2218,0.007886871025690119,0.00737603074355714,5.50140315798292
2219,0.007912620056383398,0.007339054391955005,5.504405887448362
2220,0.007871593554062521,0.0073099292744820635,5.493800849801176
2221,0.010397841092034179,0.00997263230227356,5.486204799540764
2222,0.008640175925377728,0.008248072169370688,5.493412435045402
2223,0.01036160469530212,0.009948430328095783,5.492615376543198
2224,0.008172869280372792,0.007610968187094894,5.487984716846357
2225,0.009336733373498626,0.008818647864025756,5.467796730635065
2226,0.00797807286367624,0.007566500735912653,5.461651476561938
2227,0.008876046902286668,0.008477226637376658,5.477737918303555
2228,0.007951139126120476,0.0074700048477881215,5.46570764758388
2229,0.016144875860356123,0.01591304986446432,5.456642580737826
2230,0.008133653071475323,0.007771983925094367,5.460062195273533
2231,0.007941145235034796,0.0075155222097904985,5.462879352054165
2232,0.00801425343577421,0.007566019746149724,5.478242522543523
2233,0.008002647068676831,0.007504595328148051,5.497442603451315
2234,0.008720061219824517,0.008161898185326635,5.502925637631272
2235,0.008178343704024869,0.007644277863201183,5.494606748229732
2236,0.007915211501403523,0.007426287793194513,5.49173549001262
2237,0.008028691716423175,0.007583247157060528,5.479128584324772
2238,0.007880845439157078,0.007393565008825152,5.4828441154139345
2239,0.008005115290291622,0.007568436110678635,5.481055364085522
2240,0.008014645352747145,0.007518128392116181,5.493093031348156
2241,0.008005305538956094,0.007546996882286074,5.48226089087941
2242,0.007998329916109355,0.007567875078037056,5.483488011470666
2243,0.009102143415656485,0.008661175533165916,5.500877465913751
2244,0.008248509863904678,0.007812427349833237,5.474457796138401
2245,0.008031186289081114,0.007544922329433113,5.5078404714270315
2246,0.009137735883108197,0.008661231404242025,5.496561382019117
2247,0.01067204566960112,0.010307202520470956,5.484576745002533
2248,0.007926803265241639,0.00747256537495638,5.473489002528661
2249,0.007897132602153524,0.007413882270436287,5.485370673454259
2250,0.007886676653188806,0.0074329602305109625,5.479954352080441
2251,0.008077071278053039,0.007582128476555402,5.477026700734629
2252,0.00791131027950683,0.007427976928506064,5.456383394755555
2253,0.007887272477195765,0.007354107843328841,5.476153260028483
2254,0.008020422261533131,0.007590575633025327,5.462552062556867
2255,0.008295078678768546,0.007803857444315568,5.450869583636644
2256,0.01234439301764161,0.01171121963689219,5.431603473640486
2257,0.009093147028145286,0.008471899585418911,5.452012126666075
2258,0.00910203238156213,0.008589274687592973,5.4502148840148
2259,0.008019247875503847,0.0074638446151544845,5.45205906815335
2260,0.008460254318175599,0.007905025696228774,5.460561983889146
2261,0.008044448524667711,0.007521259301548318,5.458132805270408
2262,0.008006701006200094,0.007516435402159527,5.449114139333545
2263,0.008027784568855095,0.007509035382803742,5.4476866203713445
2264,0.008211028853199019,0.007679619222846535,5.39202114346458
2265,0.00793889945480958,0.007375439921413391,5.429760810061163
2266,0.012805520323872024,0.012341275409044393,5.454876083732755
2267,0.009294843819320473,0.008808972019416677,5.439306511393269
2268,0.00796547245479324,0.007456379914494347,5.434142265663165
2269,0.007946671727272505,0.0074022994622153235,5.447971501764519
2270,0.008085454660586347,0.007653680408460422,5.4503976943755745
2271,0.00790629434776997,0.007460034502382356,5.459187010797983
2272,0.008040957961749796,0.007597744547478404,5.464877290081338
2273,0.007892398366096367,0.007399490347439541,5.476782382203393
2274,0.007970695997730525,0.0074464847914204844,5.463446932090194
2275,0.008907528146551793,0.008481014923431123,5.468916423015973
2276,0.008015047675184796,0.007565543485075895,5.445658747711965
2277,0.008662166790710333,0.0081901848000491,5.442383670020289
2278,0.007983208690228576,0.007482848641716179,5.450046349246966
2279,0.008406325453569504,0.007843125527755741,5.441827832981932
2280,0.008088168708397729,0.007605542574408028,5.422350955624692
2281,0.008217409445377126,0.007764917586126696,5.440451434666448
2282,0.00918344652999711,0.008637453119647706,5.429343553490492
2283,0.008067180400945296,0.007641475954786821,5.413006473478749
2284,0.009192214915241118,0.008616246912287562,5.429609400902917
2285,0.007944067884442099,0.007422208935946699,5.458570286683529
2286,0.008644885236710064,0.008082824840156082,5.470948882259513
2287,0.008306859791724977,0.00772747798896778,5.484427993930488
2288,0.009580971375699476,0.009119410465516536,5.489315276557175
2289,0.008044240154902769,0.007596916023727107,5.468830232667317
2290,0.00805886621461872,0.007572873544649678,5.470211777115702
2291,0.008880339882927066,0.00832416267223799,5.472681457685535
2292,0.007887657507813534,0.007378248399407689,5.477293587371595
2293,0.008773117775827378,0.008318407229211457,5.479364723472581
2294,0.007905116749053398,0.0073963107131341955,5.45834553932895
2295,0.008904940732934965,0.00847799859164602,5.440347021510352
2296,0.00792113213392965,0.0074188538951200705,5.448302728212361
2297,0.009754386638438054,0.00917155435305078,5.464223193457192
2298,0.007960339799016317,0.007417820300641346,5.471643008893987
2299,0.009244861560436437,0.00862179271810597,5.476878914132247
2300,0.00793354164476572,0.007448969569778884,5.4449655905837915
2301,0.013516771517578192,0.013158327443141165,5.43722169116173
2302,0.008051702144987846,0.00752674241587247,5.463007510086433
2303,0.00817776405302994,0.007650134492609448,5.481785555008969
2304,0.010444243368182973,0.009815579908375255,5.492200065110748
2305,0.008044057191356854,0.007414265100596071,5.490862830449739
2306,0.007883195861391412,0.007318082902999813,5.485822730569969
2307,0.00929859765733774,0.008728576766742095,5.485955242450361
2308,0.00819180332821198,0.00764175971761751,5.485771120515036
2309,0.009037653444546654,0.008687895610886594,5.442029750314754
2310,0.0087578298368512,0.008222819206877643,5.4662937757312395
2311,0.007996458989209303,0.007552566750278209,5.463999425945035
2312,0.008228122535656052,0.007758486790475963,5.453106874870587
2313,0.008178842251977346,0.007670612260078708,5.480814723404732
2314,0.007928343537124726,0.007476190673512939,5.469435427021976
2315,0.008214442892069572,0.007685721174729478,5.478170653077219
2316,0.008024494540619143,0.007558957898135594,5.470127820252902
2317,0.00794905015820556,0.007492810487083002,5.453597817774424
2318,0.009486587329682276,0.00897809143081403,5.450027829385034
2319,0.007980709282855698,0.007617803369117004,5.436871711348584
2320,0.00877131662960566,0.008406375007344999,5.445767375895649
2321,0.010446029810364384,0.01003410265193712,5.4720052637393914
2322,0.008766252532186146,0.008326285947774417,5.494562469463192
2323,0.007946405944048945,0.0074330147820486775,5.515598557398783
2324,0.009048530839871945,0.008585314306210803,5.502877691188347
2325,0.008216636148995997,0.007649187196812895,5.516416173676295
2326,0.01085306347324869,0.010393701116003216,5.484037599845496
2327,0.007951936186654147,0.007476747337995906,5.467299110571815
2328,0.00790918986557189,0.007395367825864882,5.458491672276784
2329,0.009461851057542305,0.008830654410546552,5.4632519347686355
2330,0.007915509935141793,0.007361310670487944,5.465055826907156
2331,0.010534169654258673,0.010021200147073214,5.461975351159135
2332,0.00788703523877777,0.007295855661849719,5.480699681742946
2333,0.007993983228211416,0.00750166619179179,5.451824955640024
2334,0.008226026261109012,0.007797895788511232,5.4132796888719525
2335,0.008067357942096448,0.007680663274305398,5.4279846068420134
2336,0.008063866919248899,0.007619590977826111,5.447798947540862
2337,0.007985223691967908,0.007444340699360867,5.4705815679403775
2338,0.009792651724957194,0.009225954249273565,5.47397954335076
2339,0.008260289748690237,0.00782147307453923,5.464605699967548
2340,0.007985680299635966,0.007477914240400397,5.455835888651328
2341,0.008813026219283926,0.008296018023896233,5.464938980570825
2342,0.010855172414281538,0.010457950332106693,5.497074754218107
2343,0.007883699217081557,0.007397288804308808,5.497624486330174
2344,0.008383908448252214,0.008015217393385121,5.449224229337572
2345,0.011533612401027219,0.011221893870175298,5.424961799783272
2346,0.00928744042925373,0.008847341959352056,5.450055002593903
2347,0.008141757268020548,0.007605339629221011,5.470642088858362
2348,0.007972450138573986,0.007465966751297446,5.467547305481492
2349,0.009437320193778572,0.00884067923983627,5.433048196888307
2350,0.009345514475253709,0.008881515837164265,5.428789004365095
2351,0.007919333509132685,0.0074348179094620185,5.444596718328539
2352,0.008059728085781044,0.00761858643345267,5.452000046244949
2353,0.007986013362309545,0.00752420552298139,5.471305478230875
2354,0.00910563096105431,0.008714067666364367,5.4483893481882815
2355,0.007992851189019597,0.007525732664192441,5.466989598223458
2356,0.00790392578131844,0.007482750807199656,5.460127093393188
2357,0.00962803066962148,0.009138478069377792,5.461404132392653
2358,0.008336992168054244,0.007762138157132199,5.480579424821261
2359,0.009307058308666509,0.008738204868192849,5.487574955199557
2360,0.008744235931630854,0.008204814005775475,5.477691964279689
2361,0.007935132228877031,0.0074645580248723035,5.487255476502831
2362,0.009300956297799451,0.008745808278108128,5.48358534517847
2363,0.007917294924690529,0.007432195565318917,5.476365640924003
2364,0.007917917774979934,0.007464402378851229,5.476989083750909
2365,0.008579225116955585,0.008116176424011282,5.507788176364978
2366,0.010211424435095474,0.009664437155693158,5.510899605529691
2367,0.009254622307966294,0.008718678344734544,5.531992066863825
2368,0.007873465054637466,0.0074323521573447906,5.497338289196287
2369,0.009200205902225032,0.008832837137391775,5.487282157277866
2370,0.00787053414060988,0.007395098864521335,5.492118145472468
2371,0.00805628082988458,0.0075929440588199445,5.5052373733996784
2372,0.008647802111664684,0.00810673627305631,5.4901964448325415
2373,0.008490464208613104,0.008000424007126373,5.486253917950243
2374,0.007915263682643179,0.007425746645281536,5.478632594935025
2375,0.007967529680067123,0.007456878931475732,5.480286722357683
2376,0.007995997411342326,0.007537594542983194,5.482651747523882
2377,0.008530799917858977,0.007972085011974188,5.493226822072351
2378,0.00799380187762738,0.007474838629592741,5.491937916836007
2379,0.009410975961517945,0.008989571928466519,5.483625974823351
2380,0.008630751015706416,0.008180454431536898,5.492414455976544
2381,0.00788781434148236,0.007423598089658671,5.492037578890324
2382,0.008782759926279905,0.008279172588039644,5.475426706187061
2383,0.0095229445399632,0.00904836996286807,5.498625193756867
2384,0.008251122538533714,0.007739975171676129,5.478429667895883
2385,0.00800553682988067,0.007552506236992214,5.446791751140461
2386,0.007911795859185378,0.007459353351706086,5.459861272469621
2387,0.008034786062555728,0.007660029451598083,5.435962901156288
2388,0.008043974197817199,0.0076206375132154445,5.429590961220935
2389,0.007947506751598709,0.007568485021923268,5.433606918668239
2390,0.008453879499631875,0.00811956489003692,5.439831538890264
2391,0.008614766134510095,0.008112108313607919,5.475521586492955
2392,0.00791779086593648,0.007509865110513399,5.467892558748716
2393,0.007910305460179474,0.007507798871538243,5.479959155628977
2394,0.008512707263558685,0.00814292765772267,5.477745277241686
2395,0.008550343592067626,0.008108578899656108,5.465887454576564
2396,0.008048429493599836,0.007684522917350351,5.487110004185538
2397,0.008070098795360818,0.007646009730328099,5.4918187369709095
2398,0.007957583223362095,0.007559552430113905,5.4794391651987695
2399,0.007972949464232257,0.007599249452549507,5.459556675315902
2400,0.007920885136122326,0.007487349227181291,5.4798165912692856
2401,0.008538028995008757,0.008237360036447042,5.447142191921371
2402,0.0082265586694292,0.007818772407238455,5.482414057402874
2403,0.010944413374291943,0.010622691205377316,5.473351318814874
2404,0.0082455124659389,0.0077859951143852335,5.4930830009871
2405,0.008244707474649005,0.007765832657107146,5.483453344940271
2406,0.008861376226457354,0.008505458133575115,5.4697686570766955
2407,0.008550406357500059,0.008051033180334292,5.477090561570543
2408,0.00822232084006722,0.007725438407179144,5.474888822646034
2409,0.008045635681349108,0.00754210815946731,5.494521876462699
2410,0.008182899702248728,0.007716314651184517,5.4873503951076685
2411,0.00835714433818077,0.007864996413279627,5.469114651315246
2412,0.008950783351168697,0.008469013664335934,5.478807310646289
2413,0.008644704612803374,0.008212217440282232,5.466887554555228
2414,0.007902210698096225,0.007442528973719976,5.469955334699267
2415,0.008400067701381807,0.00799350958028071,5.459558602082542
2416,0.008102965600835822,0.007638097117544649,5.481818069245486
2417,0.008542687479296882,0.007927735819179077,5.500359967395431
2418,0.007877138299259644,0.007371851618880143,5.494526008157509
2419,0.00840743808344417,0.007921925714276816,5.459344670445428
2420,0.00797753382151013,0.0075617672972820285,5.430371270255904
2421,0.008002353807675945,0.007532909141000435,5.4722217565567615
2422,0.007938101951456592,0.007466767049487234,5.451042875619258
2423,0.008693197266678738,0.008229250186102642,5.456119889728008
2424,0.009274185667934353,0.008831592518743821,5.453001063574228
2425,0.008589626364709859,0.008065606661637628,5.450064248553944
2426,0.009802035142963203,0.009206978254332617,5.45518868891709
2427,0.008439756922662363,0.008031875477469254,5.437751336896014
2428,0.008570496018390385,0.008179515748997135,5.430870703978532
2429,0.008909825183323257,0.00843025436580512,5.462060459017973
2430,0.008524293604503602,0.00805490591663727,5.464198990816366
2431,0.008001309896323158,0.0076563049365771475,5.4534322925903735
2432,0.008293030467309366,0.007840118401159751,5.466003015688228
2433,0.0081159523264513,0.007746275066179381,5.463519585409618
2434,0.007925277608080365,0.007588329189660576,5.457866943462659
2435,0.007929740092594218,0.007575099173187847,5.448319437624987
2436,0.0079602372089479,0.007584777957868226,5.455089282248215
2437,0.008190000471688413,0.007757635336709992,5.45663371012602
2438,0.009309311653547335,0.008955947816431283,5.45660708602491
2439,0.010612298555968503,0.010089602220226623,5.487397485043559
2440,0.009358217748209085,0.008946991858366213,5.4951217674930986
2441,0.009032306713427375,0.008522524075022934,5.507704738748769
2442,0.008797173069904964,0.0084069689756319,5.493827776622229
2443,0.00806921787511208,0.007670093440408504,5.492928328781308
2444,0.009145829248562606,0.008636440454336805,5.498764935120558
2445,0.007877854604564728,0.007356920674154345,5.504375361171992
2446,0.008841086992945106,0.008267140196042702,5.512461782749289
2447,0.007932842554754191,0.00737889098679934,5.5012341443670945
2448,0.007885492290377483,0.007340153265556572,5.481280458161768
2449,0.007971314918034307,0.007406904822397713,5.47208356899764
2450,0.010437929232220188,0.009964385761321339,5.461635964492503
2451,0.008606835242336179,0.008129621076681614,5.47209687823213
2452,0.008422787073609793,0.0078635107738304,5.479831488735352
2453,0.008561852695337395,0.008122327304517571,5.4604466405872
2454,0.008622205336545683,0.008192725723724282,5.466516583374081
2455,0.008711866844024668,0.00824307851194363,5.455241848073865
2456,0.008731140198270166,0.008250556054471458,5.466264323370966
2457,0.00793886473155168,0.007510344262256772,5.456372791610347
2458,0.008126402538818512,0.007674255290865001,5.456460362109835
2459,0.00793579024958257,0.007491361258763216,5.466076143347726
2460,0.010689666617001216,0.010301425739444467,5.445107229478525
2461,0.012181607471366582,0.011915945723341429,5.439768072496761
2462,0.009968520085175823,0.00938481839459395,5.473065225772263
2463,0.008034167739154063,0.007544611621470598,5.4775246970869125
2464,0.00789605550480673,0.007398615093302376,5.507387862389949
2465,0.008036176660919638,0.007490637341860107,5.509896320623463
2466,0.007978637233503698,0.007461567954213788,5.492370377904483
2467,0.010154760577474005,0.00957867457913086,5.492219398965012
2468,0.008105645922097756,0.007554280784802,5.497825850630605
2469,0.0078822395775771,0.007340198386376323,5.4988671325165495
2470,0.007907268495511459,0.007350341542358555,5.50969654304388
2471,0.007867294441504392,0.007350341426489024,5.504544961443225
2472,0.007875193403917652,0.007358755439942203,5.493167089294705
2473,0.009269665944899202,0.008705514230738658,5.499093253742503
2474,0.009058060829832957,0.008645297326081538,5.4845909782980975
2475,0.011754855208972629,0.011152427375696801,5.483505009161675
2476,0.008749464267579676,0.008275423145513553,5.444481305905481
2477,0.00800990557055588,0.007599919669592042,5.437652190772001
2478,0.00793292872774848,0.007454826804793592,5.484365502359697
2479,0.008265432409071077,0.0077567510380521405,5.4731735874140135
2480,0.008580974433025173,0.007997289676520185,5.481726481860562
2481,0.0081862018528297,0.007726577080921636,5.474255822669916
2482,0.008125945751504372,0.007644312867753246,5.484077272683788
2483,0.008004905625111467,0.007483431923897347,5.4635096781128425
2484,0.00823161032828546,0.007704271283376268,5.467612814623165
2485,0.00836486485740258,0.007971014011539462,5.460278674121958
2486,0.008156643997939757,0.007606972955277502,5.495987387065355
2487,0.007873427600866326,0.007352925706242346,5.4921511296962855
2488,0.008651368552109894,0.008117329568573696,5.522211608662177
2489,0.008451074184314782,0.007860872780724263,5.499203239074017
2490,0.007917330519201581,0.007349309385338552,5.485426564104283
2491,0.008494077723969722,0.007956364346167874,5.483148779091098
2492,0.00802219669702812,0.007500910463577621,5.4913746870356315
2493,0.008526422164933675,0.007919478622630345,5.504587345015684
2494,0.007902264846767492,0.007409148739688294,5.48121332961937
2495,0.00800927100189024,0.007532372164405507,5.485633338780584
2496,0.008251105180820782,0.007751577283852473,5.483505309149955
2497,0.007953392277037907,0.007449737079684299,5.480644279934312
2498,0.008230233508617396,0.007759905599798071,5.487015712759009
2499,0.007916087800495703,0.007390146579352459,5.520096336535307
2500,0.007908265081562612,0.007410663414680055,5.513012708341903
2501,0.009483781424843886,0.008925367421821243,5.484853204733161
2502,0.00791733315761314,0.007399586120437731,5.4740764044650145
2503,0.008595657413205232,0.00815399522106022,5.468166583860374
2504,0.008800567826353476,0.008379487799756778,5.475085157485661
2505,0.007890290873077214,0.00745366450036509,5.478270830811959
2506,0.010641669797177442,0.010343966630222075,5.462917960730119
2507,0.010674536661534124,0.010398093480043271,5.460486678939549
2508,0.00798814492812436,0.007563421646159909,5.472657376859164
2509,0.008950856682405953,0.008494266495324932,5.464215546579559
2510,0.009120124412676092,0.008783092284935078,5.474168003874826
2511,0.009717594268240159,0.009234786253587014,5.447990288113552
2512,0.008054215900923117,0.007729411527411703,5.4458310240259085
2513,0.007964274680912873,0.007673711305333987,5.428201449628633
2514,0.008370164463214159,0.007959604568398336,5.454508624627781
2515,0.010450213116493957,0.010265087700253028,5.424024156044073
2516,0.00964719932676465,0.009376013362546154,5.453641346286036
2517,0.007939197661236332,0.007530607548180225,5.472922696845266
2518,0.008487117275451178,0.00805823994146253,5.48810427216923
2519,0.007933776322552166,0.0074780534848502755,5.497608023419321
2520,0.00797752712836936,0.007472549735901572,5.527853598503555
2521,0.007832130492516274,0.007383304771891228,5.530905685654536
2522,0.01015485232254573,0.009863455916895102,5.499350040391288
2523,0.01040985447055802,0.010118173658710533,5.518947450916278
2524,0.007901457771822395,0.007455757329063423,5.531316075118159
2525,0.008388233434383174,0.007960730646755057,5.475604661493634
2526,0.008237254033897606,0.007730712095410717,5.4782405079029655
2527,0.007903620811911642,0.007468901276656811,5.475428598091723
2528,0.009976503977574486,0.00962298895552103,5.460408690307736
2529,0.011080579152038555,0.01043983509647657,5.500079631163432
2530,0.007902428927915296,0.0073757037615761354,5.477591195018459
2531,0.007917933128276112,0.007388380973667027,5.4673303736746774
2532,0.007963841086373801,0.0073920513915323015,5.4682921864431595
2533,0.008207048564053965,0.007757240183934998,5.461752003341041
2534,0.007940925480006413,0.007437186321877054,5.489401775125582
2535,0.008391098324806102,0.007861658480552527,5.482103232225266
2536,0.011011426407116632,0.010665716237795312,5.476016419355592
2537,0.007977945283297106,0.0075677477525474,5.4755138952325115
2538,0.008722954121504449,0.008381378097725233,5.454980737712223
2539,0.009081515953160651,0.00882916904340669,5.447812304828988
2540,0.00790289271947249,0.007492496650471648,5.472860840504726
2541,0.008867410393016141,0.00835205028778392,5.497044522557901
2542,0.01037222585143466,0.009961867863136789,5.481343931292944
2543,0.007896785217101722,0.007461008535932053,5.483890419783638
2544,0.007875713395918426,0.007461045983144873,5.488115380071876
2545,0.008765555219286127,0.0082961230592819,5.481287317622271
2546,0.007874421446125872,0.007402145035361826,5.486303120444176
2547,0.007908003973863733,0.007469317307059232,5.491038081616467
2548,0.008025913648471578,0.007522536771934877,5.5285044905456235
2549,0.008378741055487726,0.00788374035618374,5.51455883511033
2550,0.007866742334886743,0.007412512784249153,5.494659067359628
2551,0.007860770677147105,0.007433150740805998,5.506339011098648
2552,0.008272322799833736,0.007790434015610688,5.497357990278473
2553,0.007999516489952329,0.007545498805285329,5.4761913151416906
2554,0.009591969777559517,0.00902759092368164,5.513957566363121
2555,0.007872443385577906,0.007359513347271351,5.488578397824454
2556,0.007884666531080506,0.0073998783878414,5.484371607993386
2557,0.008775434052368792,0.008330810049500178,5.48444874731487
2558,0.007882443392828207,0.007361466548000022,5.483926080740355
2559,0.00791323298946153,0.007354901185104884,5.464329627151876
2560,0.010894245814068587,0.010407126304669893,5.479923905301984
2561,0.012470183945178601,0.012122570713691116,5.451993065906596
2562,0.007911268743510927,0.007439448775666351,5.482144781139708
2563,0.007947537123501703,0.0074456623350542235,5.483774523050424
2564,0.008283318654722142,0.0077748511568994485,5.501818635102836
2565,0.007905411219126895,0.007452569097003546,5.493543717056216
2566,0.008195958399331517,0.007668760365796026,5.481578941630918
2567,0.00867171926105577,0.008191260003974781,5.477253654253369
2568,0.008469261086159783,0.007894712088439771,5.485370756948306
2569,0.008581085042944754,0.008151920653261988,5.476124223293692
2570,0.007940182963541403,0.007435890855390609,5.45953062853893
2571,0.008769720202294395,0.00824803700347294,5.4713381008226465
2572,0.007880793003024626,0.007360683405664223,5.492932629751407
2573,0.008269739620023437,0.007791261196069868,5.469028810478143
2574,0.010357217976542717,0.009858285021269196,5.4866751739085196
2575,0.008181932657676163,0.007688331980283629,5.495989020397411
2576,0.00803304744727285,0.007570903704069771,5.488178659430671
2577,0.010790186420631847,0.010430537558444255,5.4794208923934935
2578,0.007899124709134063,0.007393328036088751,5.51353640203802
2579,0.007928832861041655,0.00743956936001712,5.483242040598618
2580,0.010015657525543294,0.009444587523560005,5.487216756920232
2581,0.008089264610309465,0.007586735921226875,5.4750635064934965
2582,0.008436914408050118,0.008015431020668522,5.460961828088134
2583,0.007939319911283299,0.007480299497571654,5.4475174745832105
2584,0.008169922806643505,0.007732832294989792,5.4380728023593985
2585,0.008101480761225894,0.0076600884902224544,5.44682833895877
2586,0.008870241310904498,0.008551753051158092,5.430848566170705
2587,0.009219978395111544,0.008697926333783596,5.473806626315666
2588,0.008103838964301781,0.007730973599893269,5.4738816350510096
2589,0.008375289230047687,0.007902020390641317,5.484680907631398
2590,0.007975266091008227,0.007563866263089756,5.483827307391479
2591,0.008064762433396138,0.007627958590794203,5.485107920354732
2592,0.008394887187159692,0.007902317651365209,5.491087872752936
2593,0.007974518678813849,0.007513889480548907,5.513473978759862
2594,0.00858592685006851,0.008183476059411592,5.509836351624137
2595,0.007881030078267114,0.007426011998019002,5.489920386800117
2596,0.007929773692247686,0.007422603838824795,5.474399113633556
2597,0.009305912742615056,0.008939897291943008,5.46276031175581
2598,0.008198998850427273,0.007821830817891857,5.473798583750495
2599,0.00789124410924332,0.007404208964055553,5.494933087016586
2600,0.008122081015749565,0.007627754872701498,5.5100433145506935
2601,0.009326989508514289,0.008973901722648584,5.490864208258271
2602,0.008277491736930593,0.007881079512666787,5.4960369938579134
2603,0.00805444411868411,0.0076459521984301275,5.478732057886189
2604,0.007879286287239076,0.007456971283962405,5.488019767461385
2605,0.011641375865836785,0.011115561145452884,5.507300806654313
2606,0.008772702884778893,0.008260361321891875,5.498368162136068
2607,0.008779605778706203,0.00839412686422647,5.476000717543327
2608,0.00883152790110465,0.008324846341366593,5.486106298621364
2609,0.007902091793640214,0.007455276305567046,5.481026220302707
2610,0.010583912166160123,0.010074838997287982,5.4891014710612005
2611,0.007904934825624408,0.007429861000710563,5.493344881527834
2612,0.00804344564129739,0.007589375127585713,5.4921872863852395
2613,0.008903612025853972,0.008496545667251955,5.477433023209071
2614,0.008269384427909402,0.007774800342892651,5.504287509256589
2615,0.0079117733275213,0.00739833158043086,5.516508346346795
2616,0.007862330204875857,0.007355523435717106,5.506930788537031
2617,0.008896191596534797,0.00848880344201041,5.472339592280843
2618,0.008012824991820674,0.0075459540682098775,5.482275870770637
2619,0.008017687476324956,0.007521854558279612,5.504358290753361
2620,0.009340966418314361,0.008765754571381252,5.49784993408969
2621,0.007924538215643071,0.0073952079001855945,5.506901281611629
2622,0.010895627612978886,0.010356986912986843,5.508629825227556
2623,0.007904188961880197,0.0074350101501573125,5.508692914536258
2624,0.008017864715990784,0.007501846818866797,5.536059134621084
2625,0.008189471977735684,0.007690956644176663,5.512613446241223
2626,0.010251983911229858,0.009834543253953146,5.502233169875582
2627,0.010950178822389543,0.010561445983468913,5.509216591128816
2628,0.008020658693810375,0.007515270453892192,5.5174261014278825
2629,0.007891775323281426,0.007384605785177571,5.506456900477836
2630,0.008388327466920645,0.007914744168707927,5.4986083334732365
2631,0.010097169637053625,0.009558434094169252,5.512804290184837
2632,0.00786554884584611,0.007420922696414956,5.496525916389396
2633,0.013990418306792577,0.013576577333769851,5.5015354916590535
2634,0.008232576006295286,0.007682824765145312,5.5002370291219655
2635,0.007841107615531707,0.007290767002071474,5.526185544771289
2636,0.008226534728957532,0.0076483438811192715,5.511362454990298
2637,0.00784979628990678,0.007278949049126928,5.515949462563946
2638,0.008072000546473772,0.007558295068152346,5.508127209207149
2639,0.00800423253489273,0.007505628303407909,5.471153054654701
2640,0.007939141643847984,0.007462328218206079,5.4642552455568945
2641,0.00799129311747018,0.00750260925828342,5.465842733578168
2642,0.009147371426473178,0.008636539845730628,5.459513146339461
2643,0.008451773258071296,0.008070715046603281,5.464922449652782
2644,0.007891652333390073,0.007459814291190259,5.483359667742574
2645,0.009838176811897751,0.009539502181647598,5.454719730338599
2646,0.008521985453872387,0.008116477559436962,5.446049889765407
2647,0.007927949476407688,0.007544639123031404,5.462382494046372
2648,0.008927137364294875,0.008602780013859892,5.463628812539174
2649,0.0078683557797002,0.007395821756480883,5.493380929728659
2650,0.008340498954755653,0.00781624384701006,5.490500175643037
2651,0.009251878117318436,0.008877908706376633,5.459721076634022
2652,0.008601232230292423,0.008166612815054208,5.458980657534767
2653,0.008059472675560404,0.007715453773787917,5.459581614024904
2654,0.008137679009778596,0.007628401172577185,5.472394961560122
2655,0.008127108188450872,0.007571482030022425,5.484741821232617
2656,0.008004447134455157,0.007445172846099991,5.505270731275632
2657,0.008703103900081693,0.008237555989722811,5.4939626845759335
2658,0.008174829501326638,0.007720389432410352,5.4884632287642106
2659,0.008082462755638046,0.007523398822345011,5.492439792212419
2660,0.007920616283483877,0.007311028597276198,5.477179762060789
2661,0.007947130020348232,0.007364298302423334,5.471232648706165
2662,0.008475000532341893,0.008052475489374641,5.450176248056332
2663,0.02646700831871399,0.026227420532665694,5.455160075669153
2664,0.008273809289133773,0.007716295860756533,5.490664837977882
2665,0.00792429158633834,0.007388368813993525,5.505942266949958
2666,0.008756448752921003,0.008193565180958234,5.500305654500191
2667,0.00965784799393429,0.00921516301864186,5.473382994688859
2668,0.008105137747726799,0.007639528399727274,5.48109796715538
2669,0.007883294202663899,0.007379892079648695,5.480079973899623
2670,0.009201077204623678,0.008620374179409258,5.482442723331073
2671,0.009667074387495197,0.009120205929626478,5.479986667902656
2672,0.008029231511057291,0.007538350817168279,5.4701520903369945
2673,0.008562599948233383,0.008000054733879498,5.4857388557015305
2674,0.008559367874171478,0.008141365726333654,5.478637319657303
2675,0.010403296832656249,0.010101392870330935,5.447054822891861
2676,0.010242407957580467,0.009725235440453634,5.457968541638004
2677,0.008425063575002263,0.008036590549771754,5.46118336422529
2678,0.008029070908072214,0.007606503237121701,5.463101579814834
2679,0.010748529648049569,0.010172917011719504,5.466727511071895
2680,0.008167920708689054,0.007620161267487499,5.485599113985951
2681,0.008695017302365816,0.008176067332845741,5.468503097517981
2682,0.00833402051584798,0.00785163369423422,5.482117804824682
2683,0.00812745051252319,0.007675278704418816,5.476234142747934
2684,0.008444351744533589,0.007975310833474648,5.486016240004753
2685,0.007975876617527354,0.007515575691012021,5.486332652410086
2686,0.008608843239714847,0.008065292142019564,5.502968815082337
2687,0.007894954246076264,0.0074057253698417745,5.475271108769499
2688,0.008930021681796399,0.008337612735725369,5.497149612011304
2689,0.00817860722695539,0.007748522355906838,5.479522117338668
2690,0.008740530130815743,0.00827776831561096,5.491822653338858
2691,0.008396754413751083,0.00796682407092764,5.494473208102507
2692,0.008003257859687017,0.007520673297662297,5.509943174921048
2693,0.008924299711378479,0.00835389721111485,5.53715977192753
2694,0.008143233982479082,0.00769107578695332,5.503235482198187
2695,0.007874805146808297,0.007465218477060754,5.491727027121161
2696,0.00787555202738023,0.007441935818430812,5.489711540707374
2697,0.008268494161601617,0.007759494988418513,5.503283453672558
2698,0.008018149522471438,0.007573333697108749,5.4897867759582155
2699,0.008079517277451171,0.007534676021996316,5.505574950155121
2700,0.011403308414819735,0.010980477248173455,5.472359634988976
2701,0.008154864210636196,0.007690677881943271,5.467491825886456
2702,0.007938534363257673,0.007471751251692676,5.475552735327857
2703,0.008533990217828108,0.008023990815535082,5.488947435844842
2704,0.009488664363715442,0.008944934880471158,5.497151383663754
2705,0.007920377242027645,0.007401238399254806,5.4862117482569825
2706,0.00867435147741326,0.008044367179566941,5.488789120506551
2707,0.007952250138605836,0.0073714393030985354,5.486637851283508
2708,0.009994107274157346,0.009588390628839245,5.4467209893668755
2709,0.007934613485796667,0.007405576504216404,5.478179610466636
2710,0.008700951970524957,0.008145380329821471,5.497568028095575
2711,0.008064190211151007,0.0076038307434244355,5.47442180241579
2712,0.008452075122255107,0.007966012973251415,5.472957730143707
2713,0.00812439674216864,0.007618768172892264,5.493597578325348
2714,0.008913378378291778,0.008497262522685657,5.479568443970942
2715,0.007945429279698612,0.0073978984732912985,5.513382906741617
2716,0.008635016060159139,0.008007053843395109,5.522039792709769
2717,0.007900231185439031,0.00735810109908602,5.4906528589902415
2718,0.009612829897931618,0.009167025149508694,5.492621261617424
2719,0.008036885129258027,0.00755186211926287,5.483316177788053
2720,0.009232000243067504,0.00875483958530138,5.476109364256844
2721,0.008664694054443731,0.00817078568133057,5.484328686574087
2722,0.008235322536819384,0.007669506217115779,5.483652927802936
2723,0.007877639714401186,0.007344106664922184,5.495269397818271
2724,0.008883426345012758,0.008459399678465944,5.494779199995751
2725,0.007911241920002582,0.007340202194904022,5.507516696866304
2726,0.008298429915747006,0.0076815370518617575,5.509518933215368
2727,0.008663993547574102,0.008041869368529143,5.508287385578264
2728,0.008609774418543695,0.008033688205320823,5.482644453230138
2729,0.008717735644766954,0.008202179935478018,5.477712090374563
2730,0.007888739018409925,0.007385520376173078,5.470171061702336
2731,0.008173185069187159,0.007682935489519838,5.459239914979994
2732,0.00887559210590886,0.008376624474524518,5.45708371372516
2733,0.010147649321122004,0.009581002138285494,5.468047435709133
2734,0.00824258759596929,0.007722896013138008,5.488366430508376
2735,0.008842691819754448,0.00845567254106237,5.478600927380418
2736,0.008568987751153712,0.008105536192980281,5.484784905997207
2737,0.007895732678068361,0.00753238180830727,5.469351699066451
2738,0.009075889429091273,0.008584095087175581,5.482942348037749
2739,0.008514017223754364,0.008014921051196434,5.46745448563434
2740,0.008039891975667771,0.007587629916487218,5.481503016400659
2741,0.009279024323795858,0.00872797229232595,5.503834527925248
2742,0.007880417390982034,0.007388076684984477,5.48122747951247
2743,0.00790106994160074,0.007429943186127813,5.4896744565634386
2744,0.008485044990727287,0.007947536173208055,5.496139129682371
2745,0.007988260265157853,0.007462685341107837,5.482696691550995
2746,0.007875430418904388,0.007339744352164112,5.484329830114994
2747,0.007973791322389068,0.007499422354849979,5.485788023994078
2748,0.008919952027216986,0.008406247943625631,5.452844986222578
2749,0.008929030521745294,0.008405420336014439,5.460194617366056
2750,0.008521465789593737,0.008009313254924563,5.483219800586646
2751,0.008621904626514234,0.00815308534049074,5.478368879628068
2752,0.009553852346510646,0.009039133370331954,5.507066553713864
2753,0.007978851016838097,0.0075288031899999,5.474858364077512
2754,0.007932015088842332,0.007482062162004243,5.476028595333942
2755,0.009821002489942887,0.009504011496818308,5.4683568998132035
2756,0.008884540187872289,0.008397377809899064,5.4792549509137025
2757,0.008256793217705357,0.007909913539954952,5.452535914967171
2758,0.00804380017440075,0.007600823639770252,5.46230704378428
2759,0.008649900515422049,0.008077435866263081,5.485720902869083
2760,0.0080458156591407,0.007569319266345243,5.4614321519499605
2761,0.008180662824410854,0.007696009925907264,5.466478080545604
2762,0.009035492726200734,0.008547491784447678,5.4595854306473095
2763,0.008532917967383511,0.008102001876502389,5.481153803882196
2764,0.008013816091197286,0.007566681175170791,5.497380373482451
2765,0.007896459304368216,0.007372074770579254,5.494580819360499
2766,0.009181356341043494,0.00865782352400966,5.508028182760882
2767,0.008263008639807844,0.007647086128218747,5.507533913346439
2768,0.008191861226275349,0.007609626614264682,5.4855003273393805
2769,0.007939660205193303,0.007435054078065208,5.4724833529139385
2770,0.008096768995546627,0.007670822616429981,5.468081387751516
2771,0.007952958398912994,0.007512581275990987,5.455236443592881
2772,0.008654633275087316,0.00808341233866548,5.461253919110022
2773,0.0079250470566348,0.007450185186914554,5.455923788279938
2774,0.009337253088592935,0.00893023660656198,5.460401111597777
2775,0.008323027083073717,0.007846690579532802,5.427636977872419
2776,0.007948860601459913,0.007440066816017526,5.455981784470387
2777,0.00809381865561831,0.007608508673772422,5.459994750223569
2778,0.008510014926151617,0.008082944561009608,5.467553993016235
2779,0.007907853080194403,0.007452722812069639,5.453242412348763
2780,0.008268924019001313,0.007723907156308039,5.467568598740247
2781,0.009266677673987271,0.008937679490980214,5.444977694165651
2782,0.007910165185663566,0.007411652196175459,5.4666859314670955
2783,0.00793735668628136,0.007473834648483026,5.464042731253699
2784,0.008937960351931711,0.008420024836413777,5.470548071437891
2785,0.008275664557952887,0.007761811687856363,5.47882031495542
2786,0.008049957881459822,0.0075771915124234835,5.464327184397559
2787,0.008695690820918171,0.008124810877810116,5.470372990729128
2788,0.007999197926889271,0.007507733764776827,5.45062387301589
2789,0.010297533225270394,0.009859290885593874,5.452406382376797
2790,0.008241997798336571,0.007719397555242192,5.452375055791041
2791,0.009054900565628661,0.008555336024203433,5.477981560920383
2792,0.008575392281942127,0.007930964926537871,5.504457898232145
2793,0.007889960083880978,0.007298283270511634,5.5002727701008105
2794,0.009394716492959723,0.008881144085896853,5.505801676005267
2795,0.011142239217102107,0.010527433838449073,5.509731137060379
2796,0.008160005577452938,0.007633329512746056,5.484301971363386
2797,0.009377168051891108,0.0087790932595017,5.484198384234525
2798,0.008832066946895036,0.008388997981184731,5.484620146227118
2799,0.008712078646251571,0.008160667250922063,5.488805020527121
2800,0.00843398111873301,0.008025913035612925,5.488478275429893
2801,0.009167450992441211,0.008656059899900606,5.491977102217308
2802,0.007881855927646021,0.007458568772776737,5.477910527547749
2803,0.008786150414042118,0.008463402691214044,5.474161491130314
2804,0.011163640263632708,0.010847268780312313,5.479396201528528
2805,0.008086125228196381,0.007639804680490341,5.495669776799577
2806,0.008025739050226926,0.0074724986086952905,5.514809340943426
2807,0.008251854186001216,0.007724082589664804,5.509352979034707
2808,0.008075902263817512,0.007532108911334479,5.49881521674595
2809,0.008386460847735666,0.007930793972154989,5.472984845984895
2810,0.007940018533417002,0.00739287786601033,5.483836330330633
2811,0.007874828349332737,0.0074178858570048325,5.495095922440491
2812,0.009298753109271989,0.008818088590334068,5.5063862872390015
2813,0.00856618636358087,0.008152499078783982,5.505113689297487
2814,0.008112488402424279,0.0076217141697754905,5.5190200457177285
2815,0.008067799865185915,0.00754858393406536,5.52189945231935
2816,0.008173777391660158,0.007724539624232724,5.523779657351622
2817,0.00788204534237282,0.007491241920974421,5.484203786921231
2818,0.007958919189865315,0.007530646511541602,5.475923053012565
2819,0.008125374394867924,0.007723711139843339,5.480494978025113
2820,0.007900069332809364,0.007424565255658569,5.469904207815186
2821,0.008288244827802282,0.007751382834929252,5.4817342998785055
2822,0.007945731566067019,0.007502040551563398,5.464215133568052
2823,0.008177071428160628,0.007718293982131201,5.47324551859834
2824,0.008653136649903312,0.008213123493856441,5.478110923008514
2825,0.007942759245250135,0.0074709610486901785,5.488508625243643
2826,0.007998143159153084,0.007545045304985184,5.485199211024203
2827,0.010257118404212031,0.009691557378307836,5.495121343953179
2828,0.007929262022169432,0.0074691150726677175,5.474301808399318
2829,0.007916600217537192,0.0074405731294138865,5.489853036637394
2830,0.009266058603641297,0.008934595755742118,5.460438488405494
2831,0.007946897586482649,0.007461739801890293,5.471381575534748
2832,0.007932815908121652,0.00747768294992644,5.4878680196392375
2833,0.008034909267285614,0.007667094783848843,5.451116271914376
2834,0.008873577631898737,0.00841972638465118,5.449505291568112
2835,0.007955581497440647,0.0075296078178474415,5.4215256317270075
2836,0.008016327303305606,0.007593488868072179,5.43429635653099
2837,0.008885602477677666,0.008404689061232226,5.438422592796584
2838,0.008096464498501772,0.007582495629489778,5.447988583843411
2839,0.010887954052495805,0.01050471808831623,5.433776006558642
2840,0.007936951145964807,0.007466564280410321,5.4458860024368825
2841,0.008123991201779441,0.0076694504654736114,5.446642787051468
2842,0.007944759588682683,0.007446210526020501,5.447499247219435
2843,0.007903500596344629,0.007434408248033583,5.4552750841349145
2844,0.01074037633172415,0.010129238975327188,5.45609911373256
2845,0.00820255212579371,0.007686279627503362,5.465531963411722
2846,0.008588880623477551,0.008102664621956381,5.452133676026838
2847,0.00820210476355068,0.007679501830626517,5.445262075510964
2848,0.007983601810799459,0.007533919821017598,5.43111447583863
2849,0.00803474066786124,0.0076604672155102665,5.4295382425714855
2850,0.007905293257204671,0.0074291847250166155,5.453577121790291
2851,0.008326242864055087,0.007762594780573117,5.449723729426351
2852,0.008559714501172797,0.007955854084934726,5.477351278691046
2853,0.00836446006139575,0.007770942800275199,5.478105621253167
2854,0.007998355204677017,0.00742214661280825,5.472783819146236
2855,0.007974113538015137,0.007417098090104312,5.480489453071867
2856,0.007896374174075509,0.007378088102735691,5.4665058646266
2857,0.008429620834569055,0.007883939625879898,5.48152988585972
2858,0.008508687473121949,0.007939967814038365,5.489122021029649
2859,0.007916726348799674,0.007332536291091599,5.4910359376566555
2860,0.00790042456682999,0.0073773596562291075,5.4842131755817976
2861,0.008821176823750667,0.008245326021268528,5.505418775112966
2862,0.007923589512663101,0.0073847418211836265,5.482727051195512
2863,0.008099383380623411,0.007507927369231058,5.503121831464682
2864,0.00790700570924824,0.007364217768149596,5.488443991462787
2865,0.010438800950263739,0.00978593324259652,5.497404697760902
2866,0.007975696381149474,0.007464892025290678,5.493093129499119
2867,0.008125020960094403,0.007619978782324059,5.5110762928326515
2868,0.009337785003940764,0.008900097301636633,5.499464367233103
2869,0.007929867901606926,0.007396350285784805,5.4846069385466
2870,0.008030614542789104,0.007493126171795022,5.497551302986043
2871,0.008139500572159172,0.007624888529984288,5.454283134795977
2872,0.008723865192940399,0.008184699807763405,5.462885813205917
2873,0.008908881874952793,0.008353450411812072,5.450250703819876
2874,0.008035950881523214,0.0076227337082657555,5.42573145955925
2875,0.00967255285915586,0.009275014030123046,5.441862598349253
2876,0.008313670601927226,0.007760878226324748,5.458244886763474
2877,0.009174311842903434,0.008582271432656314,5.45855055762969
2878,0.00843709690072522,0.007954532391175065,5.431530041659419
2879,0.008178982659536538,0.007769061249800591,5.413185554404933
2880,0.008134983240138005,0.00763616295700644,5.433467074449078
2881,0.008169092965990082,0.007797959493916599,5.423507915958554
2882,0.008334600327541892,0.008059004420911526,5.4100355701358325
2883,0.008309244708607545,0.007958438123604267,5.428446631753571
2884,0.008225854913503345,0.007806513847820464,5.43471023155587
2885,0.008110454087451488,0.007795132668746023,5.414313823382538
2886,0.008257801672863375,0.007811619777401369,5.434581958681239
2887,0.007940908051411502,0.007572665827883904,5.435765767910892
2888,0.007962108316967526,0.007548103494711095,5.449518754500029
2889,0.00898488106648271,0.008604717044678354,5.454642949870706
2890,0.00872488074860172,0.008179594960177167,5.465458546993125
2891,0.008954990293900431,0.008612757760806935,5.430036687095807
2892,0.007916984726520276,0.0074894443973265125,5.449115381508054
2893,0.00885567590063328,0.008439267587832214,5.446310073856244
2894,0.007922568114598882,0.00743971522699015,5.463983654843321
2895,0.008101454968906257,0.007586251809388995,5.461753047711858
2896,0.00793433075377061,0.007483419089756794,5.4661847557455285
2897,0.00797921623896124,0.007526515013080194,5.475823490608734
2898,0.00788631802835797,0.007365643833202908,5.484232595274069
2899,0.00814524944923734,0.00777250266272331,5.456456390737132
2900,0.008747494294775707,0.008223820741468543,5.469171970853056
2901,0.011312112456165977,0.01073479544180133,5.474006733856234
2902,0.009131919496031688,0.008614650441817912,5.465472047238568
2903,0.009035425423030279,0.008648878908955635,5.463522323852956
2904,0.007925743720689389,0.007493495222249053,5.463300475251649
2905,0.007921974995711779,0.0074698908701753665,5.477020931531095
2906,0.008740490515248512,0.008272825820746059,5.470751308498505
2907,0.008414474754659045,0.007937714743361345,5.471690431536762
2908,0.009445563932708666,0.009030934787637642,5.481824958770574
2909,0.008626885869064588,0.00802665317966877,5.5055139631528105
2910,0.00870956110730303,0.00820134082879217,5.478283304050533
2911,0.008154864395826354,0.007633666939695545,5.475344658309053
2912,0.008226259338185946,0.007653714241990657,5.4698502527656325
2913,0.007907062331981095,0.00740141402914267,5.462353560235741
2914,0.008388127854960521,0.007837444689051632,5.45781794527745
2915,0.009408398164636718,0.009005175743920813,5.452997759669621
2916,0.008074693158947007,0.0075833462351798196,5.4612833903316655
2917,0.008738602930263809,0.008262951629899644,5.474731071293087
2918,0.009788202603301313,0.009312007107893422,5.469401458828639
2919,0.00857324478983117,0.008103522659553969,5.46653626634739
2920,0.00802529135631649,0.007527121725831586,5.44997348324949
2921,0.01023510139325544,0.009806208888610293,5.452104592571269
2922,0.007973942178481418,0.007478455288915357,5.459499884128986
2923,0.00799936247019905,0.007467031887981753,5.491680813335259
2924,0.00810643425841286,0.007571019200567902,5.4755941287190995
2925,0.007984476972266135,0.007531033577728392,5.455823860575515
2926,0.00789574287175257,0.007381766651283387,5.475686668674356
2927,0.00794101291008462,0.007449710164142848,5.473295607961265
2928,0.009130666949924954,0.008596506523136305,5.50032005421966
2929,0.007881339031625119,0.0073760209348082105,5.485775507088379
2930,0.00889993568939215,0.008430547767564623,5.479794009632757
2931,0.007877669654258073,0.007340535195145574,5.487338632527628
2932,0.008188034906893026,0.007554942638485757,5.499735519610976
2933,0.008294062509385138,0.0077511438395780705,5.478967435094804
2934,0.007902861172134191,0.0073045412184887795,5.482065775706376
2935,0.008438674322805248,0.007784448532097766,5.471836294452753
2936,0.009484453880700346,0.008789588061941873,5.4697274738972546
2937,0.010161182075462601,0.009695407049386416,5.449513275652961
2938,0.007961022868319852,0.007475123353271405,5.461863831987746
2939,0.008521214543102297,0.00818689748431718,5.416706511279675
2940,0.008363872508754673,0.00799264768108031,5.4359012042480455
2941,0.007928301706264271,0.00750331775572338,5.435577069541827
2942,0.008082938021654489,0.007662008558850552,5.458277025225549
2943,0.010490033396432572,0.010100093934037825,5.471928596357378
2944,0.007955657319710223,0.0074598177404154664,5.485967610013309
2945,0.009335712899834548,0.008773624112482729,5.479681539621504
2946,0.008967551644403226,0.0084605866473562,5.466194793069992
2947,0.008221285990605978,0.00776169857176322,5.47226525685243
2948,0.008094541211846764,0.007743033018525644,5.449627450433883
2949,0.00969513393692545,0.0091735280603737,5.453514059420025
2950,0.007897632830693974,0.007467260329946099,5.466011085603576
2951,0.00820462542248635,0.007797581330093936,5.471613469897833
2952,0.007903595785860052,0.007526033407374975,5.458651512122527
2953,0.007902689474209815,0.007487647876035667,5.4753232825676506
2954,0.008118181946303371,0.007674795130902945,5.461129022386701
2955,0.0078998481813409,0.0073922637959427905,5.459351589921991
2956,0.010374262761949643,0.009738112099197185,5.449535510833604
2957,0.008691151236979295,0.00815227445287479,5.459945978681784
2958,0.008717180425231579,0.008036057914767955,5.474031732863464
2959,0.007932271161367934,0.007392226516031942,5.43295314875621
2960,0.008823049036543733,0.00820947854976552,5.442653925796482
2961,0.007936685324964643,0.007428264564776105,5.433124129381355
2962,0.010230683065247076,0.009784483021483515,5.439679297041015
2963,0.008226390975144826,0.007711617745402303,5.446078550745866
2964,0.008136915906358318,0.0076276927468434536,5.4526495130204555
2965,0.007926155267013315,0.007379779084887112,5.4607842659071135
2966,0.007892315578051413,0.007381578336464614,5.468291722041018
2967,0.010593559020477329,0.010134281565996472,5.467134272808886
2968,0.00798377298172628,0.007469308374132388,5.471903275332432
2969,0.00791258735099338,0.007474587806260033,5.4463887188162845
2970,0.008576438452123672,0.008204897496675712,5.456263615425597
2971,0.008005730762096404,0.007584206614484769,5.450867216136839
2972,0.008161423401423505,0.007638895688711171,5.471078824085511
2973,0.00904454947832393,0.008599009601385448,5.452811386393325
2974,0.0081223605906909,0.007598012790154063,5.455755363019678
2975,0.008795382628758676,0.008243315671502563,5.466508105549332
2976,0.009780304656884013,0.009420175575514047,5.456910168952924
2977,0.009261985807789787,0.008857885195856346,5.442802871339074
2978,0.00978534732848698,0.009338519783927912,5.429482956561618
2979,0.008016550436975217,0.0075111413051159905,5.418411399798755
2980,0.007917782986303905,0.00737179265125034,5.461821907585297
2981,0.00789434518655769,0.0073510548364006485,5.465580486186162
2982,0.007987672832359042,0.00744823331249416,5.465241618099177
2983,0.007914860768877676,0.007458222886026048,5.444020717912637
2984,0.008102478964231332,0.007591768409599209,5.451775074662713
2985,0.007955010759147296,0.007437096875577201,5.465395272902405
2986,0.008205469036299606,0.00764485356724915,5.475205983677721
2987,0.008351112230574182,0.007728905678392223,5.476265822636479
2988,0.008899228519903978,0.00821498542704307,5.476120953697231
2989,0.008689984180236638,0.008108828693165175,5.460955167555865
2990,0.009236574498376211,0.008795179974556273,5.436788386148338
2991,0.00796090276079425,0.007407050427025899,5.464801779153756
2992,0.007920275569916911,0.007402231932253397,5.439160819543811
2993,0.008544250598446653,0.008056776656775053,5.451477655672478
2994,0.008118987011890207,0.007576701167340792,5.434554145755506
2995,0.007938141853155055,0.007467640156799363,5.427097234143167
2996,0.009066708046207217,0.008594232213067767,5.458926544138242
2997,0.008203726979401537,0.007686188599584216,5.4601104015973165
2998,0.0080474742398366,0.00752218696451935,5.450867940508226
2999,0.00826896383240487,0.007680979072685224,5.4757821785827865
3000,0.008225277531577967,0.007699732573453975,5.4727057717061705
3001,0.009454165793871344,0.008826059340582858,5.476525966637608
3002,0.00792422932288637,0.007388165840289039,5.457641280929889
3003,0.008050252153235973,0.007481825285185458,5.491698959388015
3004,0.007879143037132367,0.007269469132550995,5.485380794422342
3005,0.007879002479818934,0.007332071572295972,5.481321427576731
3006,0.00794069053744833,0.007369800438377655,5.481147194813355
3007,0.00804497078928617,0.007526111170579104,5.4602761059518965
3008,0.00859577069441254,0.008103066176093621,5.443725045993814
3009,0.008125312986415308,0.007617115188716801,5.4413854256585745
3010,0.01310827522132686,0.012838865371245097,5.4176802475224894
3011,0.00852129226103203,0.008148153962985445,5.4358524988023005
3012,0.008110051051805662,0.007649074715790159,5.462931402569318
3013,0.009173954684488946,0.008692618670055453,5.476158291666114
3014,0.009144044852880152,0.008712402147850254,5.494229248273596
3015,0.008119672758979318,0.007588152507119785,5.4708719523451625
3016,0.008636811266266932,0.008132942992886884,5.474217960691057
3017,0.007894887135786953,0.007427643315740343,5.470686422714673
3018,0.00798007806340832,0.0074803579436301905,5.472695685187443
3019,0.007947139063657368,0.007472483118790674,5.470688251267024
3020,0.008049051769140336,0.007580078144220768,5.482288681755101
3021,0.007881265899836905,0.007417427770146703,5.485263421615029
3022,0.007959204035588066,0.00750083524663549,5.468618762233802
3023,0.008241629058827613,0.007754749300008326,5.475943478414223
3024,0.00811988245134548,0.007643241607803571,5.475346672497101
3025,0.00828885273682711,0.007755731113765771,5.489242176802735
3026,0.007925835521665453,0.007423427866500071,5.4769136233370475
3027,0.008110410046207963,0.007597432301733059,5.484746110649082
3028,0.007948206566330033,0.007507268042056862,5.477418731310068
3029,0.007870806644969388,0.007347267446192147,5.490158387367298
3030,0.007990964292607707,0.007458668483752927,5.502278553738558
3031,0.007959080325574235,0.0074770297115671165,5.493701314440693
3032,0.00915412502213071,0.00876557857452441,5.480869735468206
3033,0.008747537411319154,0.008208483643669603,5.481242654280495
3034,0.008405981128637075,0.007962350369253563,5.472406570895016
3035,0.008096662572891598,0.007661670032085917,5.491301856376733
3036,0.0079415474328746,0.007445789827749038,5.494953115501446
3037,0.007966149254701713,0.0074722493974042166,5.501821334447335
3038,0.008408194294011575,0.007876483604280535,5.505086379748432
3039,0.008692389179438313,0.008091860139430489,5.512210020164579
3040,0.00825621385753837,0.007676208153225226,5.524698552379421
3041,0.007915141818578268,0.0073204553466729915,5.507288072030987
3042,0.007911309075007351,0.007429398747593665,5.487883563370733
3043,0.010314659821699348,0.009774722346630694,5.476990905803043
3044,0.00828766923123677,0.007834896324792609,5.464827271006538
3045,0.008376334325747622,0.007899053911224977,5.471457999314523
3046,0.010743801541764107,0.010413770581102513,5.453811061994138
3047,0.007957392742909795,0.007486608000711574,5.476612865521351
3048,0.009290111197921926,0.008932077648448495,5.465349380006801
3049,0.00789530370926713,0.007456316926804558,5.4665709675425
3050,0.00851230988683775,0.008095889057646553,5.4596868628035615
3051,0.008853249942535236,0.008393542724933813,5.458421488329915
3052,0.008205857494276277,0.0076549049334898684,5.463587905967021
3053,0.007982717868589922,0.0074825701635566726,5.4378644620125165
3054,0.008222077542564848,0.007749467150749404,5.435837212952563
3055,0.00796350198041954,0.0074223384453263605,5.45851549877098
3056,0.007925589602286051,0.007517139751095054,5.445093634727891
3057,0.008083097165799394,0.0075797016591104835,5.472323870583716
3058,0.010375195069696199,0.010000067463842455,5.465279874151327
3059,0.007896578602100692,0.007424054965687739,5.4866361760382425
3060,0.007938899064474588,0.0074535858974394496,5.463457297015716
3061,0.008130370328169864,0.007623991723861036,5.489510755537204
3062,0.007892421204531359,0.0074140768555141226,5.480661021866128
3063,0.00809373644940997,0.007578381522369796,5.499809097384697
3064,0.007941244820893164,0.007438222014432752,5.487482880492322
3065,0.00788746802787193,0.007422559361535459,5.469708989991633
3066,0.00888647014850487,0.008309498738887708,5.491044049471503
3067,0.00830596183751183,0.007794577344417724,5.483939162843096
3068,0.007940523609610747,0.007505220289747886,5.470684606325087
3069,0.007982300658402547,0.007502516560964424,5.458799096901453
3070,0.008508780666499112,0.008089621704069025,5.460838504906017
3071,0.008119172813342084,0.007602597178735924,5.468530472128073
3072,0.008431703042443815,0.007923137607186619,5.475143904576756
3073,0.007886033574992233,0.007338605041404086,5.480754941640193
3074,0.008217935619717452,0.007610645324094335,5.505910096014059
3075,0.007986777156862364,0.007425882224611856,5.516436173653193
3076,0.007983636403183534,0.007524533012387954,5.478872537658777
3077,0.008848309128737419,0.008256469942186637,5.500286727433249
3078,0.007951276238040737,0.007405126748889595,5.477263917418353
3079,0.00788340347246264,0.00738711181156136,5.475437423752494
3080,0.008085917891521908,0.007599597940702598,5.466861932704118
3081,0.013250000400122,0.012945889421588934,5.454950680569343
3082,0.007912734097719516,0.00744202298027185,5.46348741988069
3083,0.008186736428282104,0.00770812600898344,5.4821094241819885
3084,0.007890242248599523,0.007423667959312571,5.47501551640112
3085,0.008955726754618611,0.00850269065672233,5.47080365977774
3086,0.008183291054385141,0.007667432026271995,5.474697329130099
3087,0.00833326586701937,0.007895559056949419,5.46725857102417
3088,0.008821848294276763,0.008401414096978047,5.4692241314022905
3089,0.009726829930557858,0.009300613392968423,5.4873617628226246
3090,0.00864330900245738,0.008235046111663395,5.494006573290516
3091,0.008901353557213436,0.008470470949256409,5.491944744296293
3092,0.007893436342746599,0.00750014129327765,5.468783870439095
3093,0.00791587995759037,0.007495858524736998,5.462723155513274
3094,0.008773507097685092,0.008305605188994727,5.475134475261446
3095,0.008005384586495832,0.00757919978820163,5.473739748641599
3096,0.008901341163922617,0.008389506576305798,5.458587074128751
3097,0.008197115801526052,0.007727521689458889,5.477636700386129
3098,0.008152648102245662,0.007646098931675584,5.468303578110024
3099,0.008547213366245875,0.008024001963698877,5.440056764949873
3100,0.008356025206209403,0.007969717246559536,5.420832856903587
3101,0.007949057062557004,0.007494727543594618,5.436150602270212
3102,0.00812696560129736,0.007716945543305357,5.423728903469307
3103,0.008164776075270615,0.007710995133146781,5.408648922295253
3104,0.007952687101148005,0.007482429661538869,5.4369023447729745
3105,0.009803653080014343,0.009273077583974524,5.442814947563299
3106,0.008087362919361994,0.0076966608591741694,5.435596645130908
3107,0.008773504923323152,0.008243859649785861,5.445839242057131
3108,0.007951923937468516,0.007429341748849388,5.466991029285845
3109,0.008976187016406482,0.008400713410290929,5.474994283132093
3110,0.007958617856579132,0.007520477689711789,5.47180910708115
3111,0.008188145603269737,0.007642610588343475,5.493786042602181
3112,0.008300623458875818,0.007854180817437299,5.484197396400534
3113,0.0078729153679811,0.007444389574122215,5.484134520918934
3114,0.009294580633054585,0.008972335418545406,5.467669096598568
3115,0.007895440044494747,0.007466735201618807,5.464053294588104
3116,0.008357730123942024,0.007948743195692887,5.482390487498152
3117,0.007903687365644072,0.007455084703568808,5.467913523170807
3118,0.009274540370401688,0.008901885845175763,5.483647461602269
3119,0.011221729590575442,0.010634670871707946,5.494803779900494
3120,0.009943395035882513,0.009388646304279878,5.482706334027876
3121,0.009773746607857693,0.009420178870735258,5.463846974797157
3122,0.008038002546843644,0.007566743172379131,5.475649519996759
3123,0.0086425626749764,0.008249665745832193,5.4483335810731655
3124,0.008048528460501194,0.007523017932120429,5.469170696766636
3125,0.008062773917706777,0.007609569469851791,5.446284171066405
3126,0.010706379679392298,0.010386939806141063,5.43709382572336
3127,0.007911758661912526,0.007483675228840721,5.4487618091148144
3128,0.007899202505719575,0.007424716170978734,5.458160312725484
3129,0.007922152791445328,0.007475585008319723,5.466649686206784
3130,0.008331562259600179,0.007834501210343799,5.480259455500221
3131,0.008170532248038802,0.007698355613521883,5.469002109137319
3132,0.007887208848081338,0.007379916574747783,5.471359034653799
3133,0.00794121015682872,0.0074341712043577545,5.471931357652773
3134,0.008348945057108348,0.007812214771170191,5.468545594370593
3135,0.007895278742330758,0.007408990001211097,5.474904174482759
3136,0.009749327507553142,0.009162770592016952,5.467981250347412
3137,0.008641260227138339,0.008081423294113932,5.46871426513066
3138,0.008150264146483167,0.007654920918906742,5.481479193315259
3139,0.008024281274077857,0.007539714587000787,5.494217269735737
3140,0.008087600030940159,0.007563112519637911,5.4979894567790035
3141,0.009538939931499853,0.009172314492198614,5.482112758980003
3142,0.008999296508349202,0.008477560143653229,5.50882249541071
3143,0.008172835360974037,0.007757730522168096,5.48828877052663
3144,0.007878644561176658,0.007490748387263332,5.482706116858736
3145,0.010393848051755262,0.010079955268344976,5.469692950446936
3146,0.012118306179064111,0.011560141996233963,5.490716511161912
3147,0.00806743810061118,0.00760008706647359,5.485875136518222
3148,0.007894983461195654,0.007442108278649219,5.479452190796659
3149,0.008493197008290619,0.008058272740680028,5.491823298464805
3150,0.007882138897756573,0.007365098135846517,5.510487824336973
3151,0.008281647458155288,0.007812018752813654,5.506134461860212
3152,0.007965525615275118,0.00747254949369809,5.487009492913966
3153,0.008285823156550333,0.007738651401843061,5.491677619177034
3154,0.008114351500294216,0.007587209953807796,5.503501445038325
3155,0.00786561861435803,0.00743201683841675,5.49162524344127
3156,0.008007354763788834,0.0075886305528619176,5.476804041780634
3157,0.011043358730038156,0.01073853601365965,5.46979740298206
3158,0.010233621933985738,0.009704172411842772,5.489300081907617
3159,0.007967012327807659,0.007556403665404888,5.4762887832215075
3160,0.007913914139021245,0.0074481244939084874,5.494464357740039
3161,0.008799791372814458,0.00841047559439618,5.482215377839883
3162,0.008033556608029712,0.0075893699716403805,5.48178470598105
3163,0.007948017753737676,0.007540759646132285,5.48534795414993
3164,0.008529908522232144,0.008177453272028887,5.472516824397676
3165,0.008274889780580883,0.007885143964181319,5.477148276743947
3166,0.008665000974426795,0.00830955295397724,5.488565728940696
3167,0.00806330588271588,0.007669582251701082,5.476160060134445
3168,0.009318414139934792,0.00899800789900965,5.482327931548143
3169,0.008823683639147312,0.008459832538493762,5.483764321192778
3170,0.009776023192874798,0.009241376910017989,5.510513532932583
3171,0.00807205330417271,0.007594838805668163,5.491133160548486
3172,0.007942393644528006,0.007425942542507728,5.495380919481315
3173,0.0091360321249004,0.008706515848725909,5.50326465313224
3174,0.007873578246988065,0.007336933830919623,5.495709386462828
3175,0.008038722069891735,0.007469811419095594,5.494726606273655
3176,0.008747104532776292,0.008150694994191797,5.47709906288434
3177,0.008933572030893,0.008456115011168667,5.476065180652354
3178,0.007949278614211411,0.007451677680209335,5.468527845347434
3179,0.008696522520543816,0.008216889425940625,5.482695915601349
3180,0.009284825273514078,0.00865581447440007,5.487606373133552
3181,0.00804327125904779,0.007489283910930761,5.463978871637876
3182,0.007882079138913527,0.007329053878895705,5.490004182816364
3183,0.009413400138894159,0.008770343112628342,5.485215377906292
3184,0.009357794012264576,0.008873558509064388,5.480048804393067
3185,0.007877530567801706,0.007299910240083874,5.483627698355731
3186,0.00813972225690854,0.007547438590675668,5.460321610150169
3187,0.007908444389423206,0.0073681164359517375,5.460016359612284
3188,0.008025910180935873,0.0075116383974505145,5.477201270720409
3189,0.010081622402698684,0.009655825465810298,5.468977219143565
3190,0.0080939487103115,0.007570801702243933,5.464333521162896
3191,0.008015485844361332,0.007507098743574398,5.477837436879009
3192,0.009126585501435377,0.008558675939057986,5.462071505119434
3193,0.008676204577280727,0.008098686986641948,5.4750624120262295
3194,0.007899083365753014,0.007354878350672194,5.476865712740947
3195,0.00809381084759505,0.007621745991334483,5.466342629977936
3196,0.007903555437175962,0.0073350052985176545,5.463195118692522
3197,0.008889904328805907,0.0083083630031497,5.497023160915209
3198,0.009407991591515286,0.008939828176240953,5.486780159982191
3199,0.008838061261091922,0.008262913693052378,5.486998840290232
3200,0.008049015528341412,0.007571025750315488,5.479397123577258
3201,0.008375123907108494,0.007827806502589707,5.4917962499862485
3202,0.007910773865700264,0.007384323615924397,5.475764492647054
3203,0.008451040792083996,0.00802244439237864,5.4486561165267275
3204,0.008294869183900525,0.007763215319118911,5.470882201096851
3205,0.008117401931490464,0.007675917522757742,5.423659266542778
3206,0.00790404326800271,0.007360140838351705,5.454882588330562
3207,0.008656489949315968,0.008029752671191766,5.46547947596875
3208,0.007900334317985834,0.007381005588625042,5.4590021470913035
3209,0.00799604542871087,0.007457371436324237,5.445388937871503
3210,0.007958141960905035,0.007365477443427109,5.44443772925816
3211,0.00869937131268381,0.008100034086738643,5.449125265520625
3212,0.00819762845427276,0.007663286303197712,5.45669296471727
3213,0.00845547130636188,0.007872069916489016,5.455690221179424
3214,0.007904886981636059,0.007405773353932275,5.457433051032995
3215,0.012238451411351242,0.011896350533534803,5.4280141694755
3216,0.007934644719077706,0.007576367316510467,5.429206792195383
3217,0.01034497614932769,0.00983080602412581,5.437573105336598
3218,0.00822257721599569,0.007743004470652101,5.433434358451642
3219,0.008367466313658254,0.008033093317424994,5.421273378495869
3220,0.00857499667335476,0.008241558948219162,5.423500130294922
3221,0.008476432673692306,0.007977123862260887,5.461649087303185
3222,0.007966080095136939,0.007515171557664712,5.462866004326705
3223,0.007941083512398911,0.007437994536482668,5.46771499119833
3224,0.008029286048548117,0.007519583333284742,5.473552364138277
3225,0.008157229495834691,0.007735471641912827,5.474982596680439
3226,0.007953747058748177,0.007510961817659963,5.474985813313275
3227,0.007894568041113955,0.007430489929506973,5.465373715725292
3228,0.008568237781842439,0.008178780132326311,5.447247225187059
3229,0.008623572600129479,0.008172373879551009,5.462934707042082
3230,0.008790831581675741,0.008298745530841646,5.44929251612532
3231,0.008759312351019372,0.008367991717299801,5.443745578433597
3232,0.007905615500709076,0.00745490698143035,5.453011532261037
3233,0.00929624806747381,0.008879094139165001,5.471152407568981
3234,0.007937221106268457,0.0074752752778674434,5.451013375012193
3235,0.008165549661603785,0.007772674463215962,5.436507944457561
3236,0.007982204074252222,0.007536870598496232,5.463559883669013
3237,0.010666198677138208,0.010346345891422517,5.454000878165965
3238,0.010187753288412808,0.00994034897285907,5.441483919218158
3239,0.010887217663197212,0.01060167590582886,5.44607211999393
3240,0.008334588226003992,0.007996082861318273,5.432913304241971
3241,0.008671736125286239,0.00831647179938246,5.428514130174282
3242,0.008668072751588275,0.00836837329488055,5.442360519696919
3243,0.007980515996367652,0.007564285510436271,5.48962968203489
3244,0.007927776983200012,0.007539596952539912,5.466989844654065
3245,0.007921297470494993,0.007536104507197296,5.472577584401828
3246,0.008138399092506313,0.007692811820867567,5.46755129415516
3247,0.00789150443560951,0.007402218407860585,5.470040980883308
3248,0.009218571210612774,0.008776339464899585,5.4716565914196105
3249,0.007910976411406714,0.007431802158946618,5.469071221955203
3250,0.008413691678038824,0.007891843927324595,5.485717818343631
3251,0.0080255830357501,0.007593178976363486,5.468464884056429
3252,0.00798218969766129,0.0074576661907364925,5.492820534507581
3253,0.007956727358038837,0.007571806688381093,5.465534630933089
3254,0.008020472476214634,0.007585840609849484,5.462410974399173
3255,0.008013126329600941,0.007631198341477776,5.454778782030585
3256,0.007896250372022092,0.007473692839419529,5.46428381969433
3257,0.007941339608810197,0.00750367762627209,5.472949544513
3258,0.008043445415405153,0.007647107440110071,5.463687022368891
3259,0.0101318111129094,0.00978981242766443,5.461054621939984
3260,0.010331845447117535,0.009764125519637382,5.480651373491074
3261,0.009126076633786107,0.008795480667404395,5.470145031625889
3262,0.008497286970089397,0.008001965780503462,5.476428695697824
3263,0.007935859996077361,0.007420721225921141,5.494621997655278
3264,0.008523046615402485,0.00793383554490299,5.475103917434894
3265,0.008037683422017926,0.007526136495092495,5.450965713801709
3266,0.00807066840453269,0.00761779299992635,5.4369657325188285
3267,0.009971855141872172,0.009387579323468658,5.4675932657185795
3268,0.008352156233926654,0.007821390269642476,5.476449141559801
3269,0.007968859521446396,0.007453606671440146,5.466749758736503
3270,0.008937133389801842,0.008477743836565244,5.467161097488774
3271,0.007893621720870775,0.0073925874141411605,5.463068923174056
3272,0.008182202708921175,0.007762190026933519,5.460215102080947
3273,0.00800933652640879,0.0075729341852883774,5.447038926383431
3274,0.009213744182046093,0.00879554111566635,5.459307853087127
3275,0.008749950516781249,0.008340791639916537,5.4424789000281395
3276,0.008661390272554484,0.008234593600858963,5.442093224777517
3277,0.008063079026178643,0.007667610439650978,5.4300576592771055
3278,0.007958214951542399,0.007560291244353301,5.4069076564608745
3279,0.008159519613368117,0.007789322882091215,5.413827129029775
3280,0.008384085738891243,0.007904325741827143,5.444933781262943
3281,0.008330776502844547,0.007810006751502092,5.439251861132224
3282,0.008161939612099281,0.0076168449638152865,5.457566367465111
3283,0.008312239729008955,0.00778132252033649,5.472788789003481
3284,0.008270773284228605,0.007719167148789083,5.454721635989012
3285,0.010331098619816527,0.00975938463531089,5.457128044169007
3286,0.008018693699598298,0.007515872107910947,5.45856824969399
3287,0.011510133607888546,0.01117383176131511,5.412997402602759
3288,0.007975618387163357,0.007506917484611107,5.435621126028975
3289,0.007984039054283552,0.00747778823007679,5.469806629969581
3290,0.007911873338811704,0.007400902107780625,5.44482832037546
3291,0.008212095714001685,0.007739125442513324,5.442134490694947
3292,0.008085921681305465,0.007658367484478884,5.435764137857281
3293,0.008392333861269327,0.007974430696231372,5.448197251379302
3294,0.008012038991926568,0.007551771761917733,5.4649139512838625
3295,0.008055175808423852,0.007687902262300439,5.430361318522248
3296,0.01264289301961085,0.012089284841591635,5.463111527761741
3297,0.00813259409553536,0.007710892764641639,5.457438288484868
3298,0.0089771018036489,0.008660186997134237,5.453962547847736
3299,0.008429203115235321,0.007989372609728236,5.447906170158651
3300,0.00810350573920329,0.0077170889727859945,5.454998262757686
3301,0.008031907220702557,0.007606374811261452,5.45385454832925
3302,0.009399515299478372,0.009164441574357824,5.423373181656215
3303,0.008242515610275862,0.007921812701170958,5.434501492576486
3304,0.00791092637463699,0.007505548146512898,5.451977237041204
3305,0.009242736694375435,0.008922870874197887,5.431495966433738
3306,0.00810212087687112,0.007672065552508265,5.466684608385235
3307,0.007933628188951568,0.007453611774970199,5.459400657519854
3308,0.008130097451763501,0.007562904339120513,5.4856411397096085
3309,0.007921617631777941,0.007500353589371275,5.454906637279748
3310,0.007939600049559783,0.0074540164598314446,5.46314178770783
3311,0.008121123556024172,0.0076378474778969795,5.4662751903740805
3312,0.007919080569978308,0.0074569562967427,5.463331320559585
3313,0.008621183421950077,0.00810419708134828,5.484456278670779
3314,0.008767591220013415,0.00830568327343826,5.468376181174531
3315,0.008020415563957998,0.00759912888006389,5.468419577827355
3316,0.007973785241977298,0.007503529432055477,5.472297890045282
3317,0.007904176382439494,0.007432683654282686,5.455399727216994
3318,0.007888860949566832,0.007412236901483422,5.477122424222763
3319,0.008114764750448256,0.007610629921426042,5.464403570486249
3320,0.007898435038164033,0.0073372801301108265,5.460344540792328
3321,0.008553090464043839,0.008092457900375017,5.458833423596635
3322,0.008076283697363814,0.007593687147217121,5.474523336348611
3323,0.008000143910925102,0.007579501772075579,5.457690590353432
3324,0.008322158014597469,0.007785606059000758,5.458205133484352
3325,0.008095349414564617,0.0076017590444245305,5.4539252454698905
3326,0.009848861694099117,0.00928297429895765,5.459256394485891
3327,0.00802814700275323,0.007596822529390781,5.444810454122337
3328,0.00798523530451577,0.0074879188532858045,5.460100003525939
3329,0.007874540898008353,0.007312621404424731,5.487161102463864
3330,0.011080048876128661,0.010601483599790712,5.464843577005105
3331,0.007940424001848766,0.007344279367362249,5.462588924647553
3332,0.008602193356189086,0.008003875086666938,5.476603063216469
3333,0.01160832389450933,0.010996110487939893,5.456939210416095
3334,0.007925353524375688,0.007478015860253191,5.43339823550521
3335,0.008236785680728224,0.007786281808380099,5.451504057834536
3336,0.00789523285731791,0.007446984792084707,5.460452902827505
3337,0.007936927876547928,0.007494912458535985,5.462094753469062
3338,0.009753846038408967,0.009376235300410455,5.45377156533149
3339,0.00795541951134652,0.0074696329757354156,5.469687416680631
3340,0.007897676392836924,0.007392998781785109,5.47759657752209
3341,0.009538511013033288,0.009019221249489574,5.471998929769091
3342,0.008098124881507072,0.007664153517633962,5.438269465120468
3343,0.010293312894046513,0.009799249496345442,5.448951390560168
3344,0.008351390940318946,0.007869269374400117,5.455159649208174
3345,0.007913805861197809,0.007512395434482217,5.445783687956908
3346,0.008067517622849385,0.007612040286069899,5.459851345503495
3347,0.009336015598469142,0.008967696053884337,5.460154162660027
3348,0.009728284590411487,0.009401157985153667,5.455429713009868
3349,0.008008658587176679,0.00752566732593709,5.484802734734101
3350,0.00787251786229886,0.007389603799300631,5.4897377324214585
3351,0.008293658290510243,0.007743286026526843,5.483265430535996
3352,0.008467753294313147,0.00801433936728112,5.477418201112121
3353,0.008820450797163731,0.008303795277156526,5.497457436745768
3354,0.00843208740604368,0.00792159385980065,5.490930330290324
3355,0.008691429716879372,0.008110951096639478,5.489074448250517
3356,0.007893846040421577,0.007395665587067934,5.465363756020307
3357,0.00802714546898708,0.007496496959930889,5.4535847721513475
3358,0.00871801453652405,0.008222864441488302,5.461825645465774
3359,0.009336634201340437,0.008855280633335042,5.466190171292817
3360,0.008262502995828105,0.007713585708934677,5.488533736248401
3361,0.007997138973801714,0.007533770635546293,5.446247335606721
3362,0.007889536608483164,0.0074175876269106066,5.47590759893913
3363,0.008490292969435266,0.007956789997109777,5.504151297681037
3364,0.00847554434331249,0.008063719248517832,5.481495844276868
3365,0.007883943543064924,0.00746950006989521,5.4882961812393525
3366,0.008485401513698016,0.008103219634521324,5.488407932700172
3367,0.008142369237981648,0.007622826616203516,5.470598075010354
3368,0.00796062692907565,0.007531268094095604,5.452934897390643
3369,0.00787003057521271,0.007408425482312729,5.4901639768864126
3370,0.009254516118770338,0.008889161120546296,5.484107812781759
3371,0.007968227351589198,0.007520904206180775,5.5165163269765545
3372,0.008365844162477848,0.007919699462458015,5.525201339582469
3373,0.00789197374987768,0.007478788286549743,5.529103705431009
3374,0.008018165098090857,0.007517866338795395,5.50823161996531
3375,0.00798806429007419,0.00751258577308849,5.502867820700184
3376,0.007922572405912326,0.007437877152449887,5.480408242595695
3377,0.008307022992484354,0.007814671521289895,5.475416653567589
3378,0.008453148382163267,0.007895513359482777,5.490318809058708
3379,0.008383109178539194,0.007930090637598825,5.4656886825836395
3380,0.007875302786871997,0.007402230378287453,5.480396903862831
3381,0.007955944143136157,0.007545024374761841,5.471613074971408
3382,0.008052764076988822,0.0075613154847755755,5.4891561503555995
3383,0.007926541968668415,0.0075041563708263806,5.464949974893274
3384,0.009455740249552473,0.008915294998086078,5.500118701618419
3385,0.010133711980226832,0.009783789188005373,5.454098524460328
3386,0.009086028140342012,0.008669458716320317,5.476681084176705
3387,0.011004431974941529,0.01071715397814562,5.433937081036611
3388,0.008235503154399994,0.00787333512732541,5.453946858581891
3389,0.008195513466418829,0.007799838035327837,5.443293142575136
3390,0.00792904225582041,0.007450078599858772,5.471029056623781
3391,0.008008321913897372,0.007541954867391616,5.464595699202487
3392,0.007944498046093004,0.007426732922476958,5.489723069514177
3393,0.007927811067207632,0.00751174319894355,5.4593332077166945
3394,0.009103504774788256,0.008737458020571296,5.451839438100463
3395,0.010425918375434568,0.010043871409868248,5.47475805615912
3396,0.007896534138521176,0.007436945303862353,5.48893306957955
3397,0.009820446780432238,0.009370926722067907,5.480294915343189
3398,0.008808579795930345,0.00835942838993373,5.463866490673885
3399,0.00788812399401012,0.007424844369462964,5.468738358417845
3400,0.008237597658263655,0.007822837970358569,5.439710104214499
3401,0.00811762779440481,0.007746731313470145,5.452416545609641
3402,0.00823965083600279,0.007763351078556143,5.4759282361119705
3403,0.00805819295354937,0.0075748616201629536,5.457325806538106
3404,0.007915863910669452,0.007489331823337103,5.4476617176275415
3405,0.008528529465514108,0.008067334089623544,5.4800494144359195
3406,0.007965058367240367,0.007462589746670461,5.4718777670075545
3407,0.008090480505210594,0.0075445732480258,5.46469202886348
3408,0.010030209543159493,0.009481965065264206,5.45471142022595
3409,0.008130614282746657,0.007685917337114268,5.465435899503203
3410,0.008319278297805925,0.00788194325726116,5.455202750085981
3411,0.009105823734352697,0.008771395294455081,5.442066199563479
3412,0.007932861433972977,0.007494622876046229,5.4688620493988935
3413,0.008082821962121109,0.0076176656524133395,5.470668085035273
3414,0.009812923642988402,0.009314130336706807,5.464983697980838
3415,0.007959037021945954,0.007508950056662465,5.446814176517622
3416,0.009355163959010574,0.008845143463669256,5.455111245126512
3417,0.008094742778249262,0.0077152038504613215,5.441911034409353
3418,0.011842772300624424,0.011560071830926716,5.4294001701469305
3419,0.007919153833816897,0.007507027887474771,5.440123914139428
3420,0.007957501931263294,0.007532173361909995,5.453466529770218
3421,0.008949364451263242,0.008574565440832014,5.451558436383292
3422,0.00859854313381799,0.008131060953779147,5.44387443777803
3423,0.007908489589210295,0.007424191398395297,5.464137063491137
3424,0.00793081807993842,0.00744339246142864,5.462781970643021
3425,0.009440387662574705,0.008922673135577335,5.47950579010042
3426,0.008093985933065475,0.0076507725440074555,5.453504094276841
3427,0.007910159295130583,0.0074513625351088015,5.46623187503714
3428,0.008191658559928823,0.007762693064898221,5.449396380685505
3429,0.00801582092733292,0.007520991199084132,5.46138388864671
3430,0.008147660737303887,0.007631468275154263,5.45821272552792
3431,0.00892174125839103,0.008433024161192772,5.44439590704433
3432,0.008138993748306678,0.007670236872699937,5.454451065643048
3433,0.007941566711760686,0.007493306695256828,5.454942196862677
3434,0.007936799381024085,0.007477309423017324,5.448992223305307
3435,0.008465830076509001,0.007975087096102266,5.455133868321354
3436,0.008201571330523658,0.007818649570016895,5.447129324900391
3437,0.007945456619724773,0.00756092537356944,5.435406868190514
3438,0.011420455457643941,0.011114385969728462,5.435390255083599
3439,0.008607535428696212,0.008253434468084658,5.4398796911166185
3440,0.008709981142676152,0.008263753616488864,5.422643981311495
3441,0.008914040057172558,0.008467807319145109,5.436116969967129
3442,0.008012042987499883,0.007532049751806781,5.450859962118922
3443,0.008455409985295833,0.007987934275516737,5.449611996233804
3444,0.007955275905897556,0.00749834785781231,5.453974864491137
3445,0.008218306020288378,0.007661474904845843,5.465886127199743
3446,0.008125701711471348,0.0076141463197354695,5.452163512814295
3447,0.007902302150715447,0.007337772299081697,5.463583838626702
3448,0.00808169547356165,0.007549803854917162,5.4549785163657365
3449,0.007926252332110875,0.007450915937335605,5.432958825197568
3450,0.008552112987564397,0.008087304129913804,5.393932773714324
3451,0.008397306521930622,0.00802674949636435,5.388877397143872
3452,0.008333937152138517,0.007954669475650392,5.416166315095216
3453,0.00834159777671182,0.007839454285814524,5.434188930771572
3454,0.009416604279251537,0.00908469548945694,5.402259509484413
3455,0.0084274384973477,0.00805732138472139,5.410472284677076
3456,0.00792435048331759,0.007476056255355376,5.434075656745717
3457,0.009234499790426587,0.008827604098411159,5.445416757084617
3458,0.007924365210484082,0.0074816476688387805,5.443344166291783
3459,0.00810902548487764,0.007653241185934879,5.432476117814195
3460,0.007929113647529176,0.007432481639808277,5.435781102256771
3461,0.009178860392961233,0.00864618713189565,5.4141080336696135
3462,0.008575362823549334,0.00809915275316464,5.442013181787789
3463,0.007978668577816716,0.007611304113661398,5.437518498369085
3464,0.009730097404855857,0.009214100237887596,5.451320309241602
3465,0.007949022225132326,0.007467618149708569,5.445663900829116
3466,0.008426270394768978,0.00791525595913239,5.447594835636124
3467,0.007919985046509018,0.007484013782134905,5.443000879419611
3468,0.008235965001646655,0.007702177817049141,5.4645041460503245
3469,0.00853187097366005,0.008103173800220064,5.439380944951688
3470,0.007908218667039332,0.007443186485493291,5.452128465827974
3471,0.008547448030882407,0.008152079802014817,5.445561824068344
3472,0.009039456956562802,0.008662670374300739,5.437005126601656
3473,0.008192710552495874,0.007686141594441444,5.473517069903904
3474,0.008414119941392196,0.007893188695439481,5.4730646121724185
3475,0.008795651771243355,0.008286548009338502,5.456905718958584
3476,0.008026607272343294,0.007514000220624916,5.45468249191112
3477,0.00970135224671017,0.009311677362069528,5.434446837796569
3478,0.00796747001450207,0.007435155483391077,5.43528918465525
3479,0.008740070187349378,0.008281948376236626,5.45845648923106
3480,0.007894206451873208,0.0074670553540922835,5.464632957930512
3481,0.007892874345903552,0.007452673803736518,5.474396078082998
3482,0.007892122971390272,0.00745716375104984,5.502643797415903
3483,0.008730229268691509,0.008314197009028176,5.489637082360181
3484,0.009349011994963427,0.008928935974923573,5.491825146620861
3485,0.008001368370129968,0.007605837363398196,5.472817959559435
3486,0.008398007858017465,0.008004982345539485,5.472044035897385
3487,0.00838619266823364,0.007945424633885768,5.481255734545829
3488,0.00833471667409044,0.007811809082807014,5.476788430324208
3489,0.007902941992058684,0.0073481231738974145,5.5013122651708795
3490,0.007857918433153033,0.007260063661528774,5.527667403106943
3491,0.008731001347881488,0.008136832203648855,5.508091210503046
3492,0.008441884237523567,0.007881389979680525,5.463594432652068
3493,0.008211388547358527,0.007741640733495694,5.465047944249235
3494,0.007949384942389972,0.007437650256745584,5.485970393356822
3495,0.008711911088779698,0.008336343619773923,5.465130249379931
3496,0.00992591831401626,0.009298770567478432,5.481127374896069
3497,0.007901558585154131,0.007315691858255058,5.484615077925927
3498,0.007920998833418045,0.007379221010811054,5.47676653487573
3499,0.008570463912683873,0.007942935741259982,5.487542721998799
3500,0.011686875076415934,0.011227233335630527,5.445194247018485
3501,0.009570946284335616,0.009092930096568516,5.460376410523144
3502,0.011123913959014874,0.010738072844226848,5.449286865752562
3503,0.008583663249940846,0.008155018501896838,5.44524922774745
3504,0.008528995494205589,0.008063664848872547,5.4559369962660735
3505,0.007904428383158415,0.00737066593699398,5.451341739898344
3506,0.008426021182728973,0.007925342478974988,5.470925689035827
3507,0.009605517838503523,0.009046517023953093,5.47568665540322
3508,0.00794554027735807,0.0074635602050335806,5.44709155037347
3509,0.0080991975233269,0.007719971831997887,5.43684451176234
3510,0.008021381213013008,0.007634201071797665,5.437603574131277
3511,0.008172553262713052,0.007703180084159972,5.44795154627838
3512,0.008388767015443782,0.00801690815777822,5.449140118914745
3513,0.007942827251096239,0.007534716802338471,5.4212040254859835
3514,0.008125904431549568,0.007766298118099693,5.425843541571027
3515,0.008034132235249196,0.0076053941325561645,5.451688161139222
3516,0.009340880026601847,0.008912084395654371,5.429123962985722
3517,0.008911441549705235,0.008310245653585829,5.448357646630332
3518,0.008088410759878829,0.0075205981304508635,5.453022369509671
3519,0.009754321285618059,0.009339497665980521,5.434243106238499
3520,0.008284518275876663,0.007748686289888471,5.458435051101285
3521,0.007928707898438081,0.00745121930180003,5.456576352830123
3522,0.00871638812369093,0.008281182873626902,5.464792215036844
3523,0.009206535742243255,0.008708553905322268,5.442619985857805
3524,0.008081388620070048,0.007733531647455991,5.424402702694883
3525,0.007905214299880553,0.007477895265429737,5.451946291468976
3526,0.008103862998370489,0.007662988933413428,5.446604022167829
3527,0.007904509348621,0.007431988223421659,5.46475628625052
3528,0.007879748115762293,0.007336088065130097,5.490350397942098
3529,0.008377612880417258,0.007782745869441917,5.501838792852556
3530,0.00799058703626284,0.007419949028608742,5.467880785127177
3531,0.008018534587161901,0.007434576740966201,5.46769451565918
3532,0.008171958844309605,0.00767344717775015,5.45199549450678
3533,0.008009224165921435,0.007547822669576529,5.412329368946288
3534,0.008019480147556496,0.007569749636760043,5.414815182518447
3535,0.008041692098604288,0.007544912818363237,5.437008519670071
3536,0.009351772353090692,0.008844705423886783,5.4283628886692465
3537,0.009562237901453828,0.009031363987724935,5.456595190462247
3538,0.007888791818504298,0.007396731883705651,5.466456026734743
3539,0.007949482900939202,0.0075503040709955435,5.455164374633993
3540,0.007899215242418735,0.00745963315146939,5.458699466623209
3541,0.008227575769545673,0.007797972785523458,5.477740871880375
3542,0.009075585310170525,0.00855836244597224,5.47390528856169
3543,0.00796415906733481,0.00750645091063731,5.475040349177746
3544,0.008275666946795428,0.007787835308179371,5.465042142362396
3545,0.008342456375292937,0.00781755323404657,5.477344673516534
3546,0.008981675057684416,0.008522322024781879,5.473638877361722
3547,0.008664979260287914,0.008147884333361922,5.485600740392776
3548,0.008788064595343576,0.008284712640204972,5.481896900000358
3549,0.008417901295512556,0.007767791711085918,5.496122910967124
3550,0.008819607940258713,0.008352641384194408,5.4578752018298875
3551,0.008714293418133113,0.00815862981113415,5.464860946274728
3552,0.008281833923874788,0.007844773290536572,5.4695843216121
3553,0.008357587267262821,0.007850551801889708,5.49278279057892
3554,0.007917209559344298,0.0075042380509524964,5.482614450616993
3555,0.007969430096243266,0.007562435412222469,5.472814387770134
3556,0.009009845405047514,0.008517199140238645,5.484876313225166
3557,0.013445212511417602,0.013131220001377482,5.457737933437809
3558,0.0079828288823776,0.007474264938240759,5.4805572671955325
3559,0.008450843421601146,0.00796031909998579,5.4694729564181745
3560,0.008150665844172074,0.0076618565551203124,5.4735392864568695
3561,0.008134508485535324,0.007586027384658186,5.491120101018206
3562,0.007978337992732823,0.007468645241941102,5.5040176542834605
3563,0.00827628980290545,0.007719854620453966,5.495502784938088
3564,0.00789531237577117,0.007374629408926481,5.480401472215313
3565,0.00952085072568154,0.009059195982545136,5.474652917892278
3566,0.008121568894538623,0.007606491705734278,5.469167078989814
3567,0.007952941158122768,0.007515324634802199,5.44197570956528
3568,0.007950750377292103,0.007467845355330417,5.435729039134792
3569,0.008034700340393584,0.007587671214457331,5.430977822617962
3570,0.008022264415932621,0.007469449734408275,5.476058720247152
3571,0.008190012165738265,0.007655112599691615,5.455417046105872
3572,0.00789381905360585,0.00739131700200544,5.462124596485641
3573,0.00789843435798821,0.007388522146170753,5.458880863291548
3574,0.007891398881578002,0.007364961317740517,5.478334951455601
3575,0.009185631588347672,0.008636341965212626,5.473139202317137
3576,0.00814699206317049,0.007631078410447445,5.476193184759962
3577,0.008162834373203547,0.007704958809592692,5.469068791014431
3578,0.007908930953314797,0.007496635212475287,5.44773924895815
3579,0.00826084915784451,0.00786407658917528,5.4627543721104
3580,0.00800517235826491,0.00756713534308712,5.483723059829303
3581,0.008805458296608469,0.008453390287232769,5.461164574981063
3582,0.008326010688477976,0.007900358075253848,5.44194954257968
3583,0.008953918491365393,0.008449482497970229,5.453038686476256
3584,0.008021894786241685,0.007494913269343441,5.46816433397958
3585,0.007879662542731045,0.007336785290401435,5.476746330863293
3586,0.008022291504698435,0.007470249874162316,5.473838301586032
3587,0.009186441798899797,0.008687108440936613,5.469660135748334
3588,0.007952138669985828,0.007420110478929322,5.469435788553291
3589,0.008143548179805234,0.007626839157057362,5.475944801792087
3590,0.009089124226112622,0.008702170609531552,5.451640646930632
3591,0.007947124245961546,0.007432417861662334,5.467992936882934
3592,0.008551284826159378,0.00796154881958674,5.467238115198066
3593,0.009509608621106279,0.008916019306698478,5.475750293961541
3594,0.007884067100640206,0.00732036774714759,5.481267602818178
3595,0.00828099410252666,0.007808382418700612,5.472291962341146
3596,0.007871221072277473,0.0072778674335353035,5.498179301547715
3597,0.007882233991726613,0.007381291090848011,5.474490667001588
3598,0.008655449861788265,0.008179985934493036,5.476680026662426
3599,0.007952722860455418,0.007484155477710424,5.48667014645163
3600,0.009717787245837902,0.009326785200803732,5.4901106427575135
3601,0.00793494017706957,0.007439432764408154,5.485291316467203
3602,0.007850667466183167,0.007322864611344783,5.507524268362385
3603,0.007896008401216415,0.007352488180034011,5.515743955911764
3604,0.00872549339491199,0.008247104855525593,5.486050489135206
3605,0.008194116717314138,0.007728236592964828,5.478965661385439
3606,0.007976764852610105,0.007555565646864908,5.478344415341947
3607,0.007871496018989085,0.007427672961653939,5.495750331806042
3608,0.009113482553454587,0.008567668737074785,5.489046817542692
3609,0.008471442727438074,0.00801469601643686,5.490945439276572
3610,0.007936654747720952,0.0074296393380967425,5.47375071671479
3611,0.00792945144709657,0.007410752540296241,5.464850828212363
3612,0.008086569666716866,0.007613122068467631,5.472413196627249
3613,0.008336961565427127,0.007941346690772084,5.472131713075715
3614,0.010239015621220385,0.00984226125498177,5.468479312756992
3615,0.007952871550008296,0.007477105980797396,5.469742348180283
3616,0.00798929876499139,0.00747592559572868,5.475617299879556
3617,0.007885129688910905,0.007407269019218537,5.470349346431266
3618,0.007918548842355808,0.0074524913134370796,5.444222210948428
3619,0.013269647448425282,0.012956098423532328,5.404211326969451
3620,0.007931192058064454,0.007431158498215993,5.428498924191304
3621,0.008440504269303503,0.007959169959334197,5.4538497481685075
3622,0.01172977380312231,0.011323995032178126,5.467272760155488
3623,0.008909405329495544,0.008376958347334566,5.462849660628926
3624,0.01029858037510203,0.009995039170275097,5.448009228428379
3625,0.007942409637805662,0.007493098046162566,5.475201865719182
3626,0.007937113050406515,0.007466498126865063,5.481714708599804
3627,0.009271743966898158,0.008788421448376979,5.4425206292004
3628,0.007971637484710468,0.007525958169264965,5.451403215316236
3629,0.007964290573547929,0.00743501351971064,5.467889358620962
3630,0.010663217840475588,0.010199379911129562,5.4815983382934395
3631,0.009223785083474514,0.008664162020518685,5.492676464326937
3632,0.014446839423266016,0.014073466008365603,5.467290364358128
3633,0.007940659558412924,0.00744523648525215,5.470206047348917
3634,0.00802839815302115,0.0075398632518218515,5.473037086128278
3635,0.008338314795152917,0.007792064876490846,5.471541223040592
3636,0.008085204150444869,0.007572324029955336,5.4660727920492755
3637,0.007903184430901074,0.007342645940517144,5.476081776076446
3638,0.00798260518184533,0.007441671689026341,5.459680967173852
3639,0.010031910315465301,0.009436419141840355,5.470555744142107
3640,0.007992205133599955,0.007410941430758753,5.478040842283782
3641,0.008756438840564429,0.008161245671049438,5.472632734914189
3642,0.009458062143708422,0.008793415428634018,5.499464397952927
3643,0.008243719917415838,0.007663091053559734,5.4994685753189945
3644,0.007988969448650537,0.007388402838687425,5.4706842430050475
3645,0.008147981616649886,0.007646884198918236,5.4490530244054085
3646,0.007945809052454247,0.007510434728899201,5.435536471357779
3647,0.008474581928601068,0.008098145561610297,5.451751905484951
3648,0.008298556742372825,0.007790048498269677,5.462343632577474
3649,0.007942283543845022,0.007452943966709506,5.467565220424246
3650,0.008623683022418073,0.008098097430974319,5.469629602254152
3651,0.008704798023701898,0.008277658148806436,5.466026164416361
3652,0.00792736252833988,0.0074827757985193016,5.4437827092569755
3653,0.009730013356774666,0.00915472498593171,5.46280787397269
3654,0.008104833351765097,0.007628365037414841,5.459212167026811
3655,0.007913469975660753,0.007393388177869772,5.463496814330426
3656,0.008040722712058503,0.007505255871021259,5.485480403848179
3657,0.00897357309871912,0.008369021246834932,5.479951827003303
3658,0.008911857458412196,0.00847427000925185,5.480936480769019
3659,0.00848717571445853,0.008011154284820136,5.492293176500002
3660,0.009079583014663639,0.00848241199203997,5.507503619989773
3661,0.007911273798043461,0.007388842144825643,5.482489730462417
3662,0.009121056871424473,0.008593312535468267,5.477773583912239
3663,0.00818479008911948,0.007655929845131879,5.490254488233772
3664,0.007982327136741903,0.00747963967708485,5.480630957743969
3665,0.008487598223267893,0.008051316563290023,5.463333433997053
3666,0.00816253065202316,0.007670192611683161,5.45892711542032
3667,0.008005580267203372,0.007502498873594157,5.472422322886038
3668,0.009830282121296628,0.009282564949331752,5.492630776402145
3669,0.008132346397453229,0.00772544972067066,5.473759211895839
3670,0.007920893703553521,0.007546855066684778,5.442175684164142
3671,0.008416617951792821,0.007933012463002632,5.453251044029608
3672,0.00791369564333264,0.00749265314188268,5.44329873127777
3673,0.008010614341342068,0.007626051648651752,5.440762382476075
3674,0.008490791481122851,0.008055769182585708,5.461791888305235
3675,0.010826701119130274,0.010204969933456327,5.482963434441834
3676,0.009230146442884038,0.008736675649616854,5.449891336815777
3677,0.009225337468871279,0.008822467040834397,5.440090451595556
3678,0.009012929030779588,0.00857470621293583,5.460665330431532
3679,0.008544721322364094,0.008129369531035813,5.46612422307123
3680,0.00800376712062057,0.007504800954328146,5.48543445793276
3681,0.007872664179446839,0.007414947686626549,5.485500343756691
3682,0.009064995197971059,0.008659250097891093,5.480909412955427
3683,0.008719322099438955,0.008314060222676528,5.503192538060356
3684,0.007860731918077818,0.007317461014495352,5.507169385869442
3685,0.00875068284578252,0.008190011300550056,5.507200419583445
3686,0.009707426755265222,0.0092647769937328,5.469133608051359
3687,0.008510492434469925,0.007972065314438294,5.478349508552293
3688,0.0091519925510319,0.008580903182319277,5.4875311563896165
3689,0.00794000310549898,0.007403824431498468,5.496693926770702
3690,0.007943715969318902,0.007372566659677438,5.4771238733794
3691,0.008667957167301862,0.008082438293810067,5.498866229267183
3692,0.008145172265606834,0.0076336484993725735,5.488364213684294
3693,0.007884197631414189,0.0073526307919704065,5.496710602701658
3694,0.00811313943394623,0.007573387531398906,5.485199740528882
3695,0.00793070751620788,0.007382701162209587,5.487525793668597
3696,0.00789717322622548,0.007344185184009047,5.474635247034234
3697,0.008798562303285308,0.008280830095961655,5.476994759547425
3698,0.009442955251897445,0.008906720796471645,5.480085759805149
3699,0.00797198356632643,0.00749069997135214,5.488349591894753
3700,0.008106688012208303,0.007629564301548534,5.484896016801363
3701,0.007871893870630663,0.007343153284478016,5.490415566555501
3702,0.008037184227674262,0.007463411505514521,5.501297134834186
3703,0.007842706057846007,0.00727071196972352,5.520445840438614
3704,0.009898482211961419,0.009236286119792207,5.509678789237263
3705,0.008051883365877236,0.007518340460741279,5.47573097209726
3706,0.009002851130232198,0.008443779759318667,5.495232952624297
3707,0.007919963598380266,0.0074187647962511,5.493340912896196
3708,0.00803295839584648,0.007491612034591583,5.4860557228076
3709,0.008921181740019948,0.008369108632371494,5.471630403540428
3710,0.008607228335622342,0.008061968339157396,5.473755180349476
3711,0.008208457274780404,0.007719335030764829,5.480415989149558
3712,0.007946542512080537,0.007438938084286556,5.473207008889643
3713,0.008637948654492113,0.00821987555082783,5.431768257435495
3714,0.009645489910296713,0.009277615207843374,5.410249366163532
3715,0.009834920684736742,0.00942699749090399,5.430483625918939
3716,0.008420806913772602,0.007813521887740923,5.466164254798385
3717,0.008163141525901217,0.007668138847834033,5.437070723140637
3718,0.009908352952759297,0.009454704315577734,5.444240457759908
3719,0.00899035503256796,0.008551804471920957,5.4314894191749
3720,0.008046628912204106,0.007451121023680951,5.463522596853165
3721,0.009650374549726181,0.009054202557983143,5.455205865369965
3722,0.008382458574126426,0.007820856742489347,5.476629102076127
3723,0.008257513980983597,0.00780732989807463,5.4638579476007845
3724,0.008374543751956155,0.007818744448238428,5.4664568170294014
3725,0.007933029655458775,0.007413798182393785,5.443588450125975
3726,0.0079348884979503,0.007457420809797093,5.42949774218858
3727,0.008240232115792763,0.007877732311305749,5.418206715602426
3728,0.007890409729892332,0.007345848701051648,5.466935588750218
3729,0.008692232382691107,0.008132221273560218,5.464633075087353
3730,0.008023566435719694,0.0075946322016363895,5.445731749810758
3731,0.008688437865551683,0.008325124613904616,5.438253392136582
3732,0.009012421611971532,0.008562820067845565,5.44323828460482
3733,0.009006873301161402,0.008694660234243002,5.43022163006647
3734,0.007921422976571234,0.007575128280534412,5.444136133069084
3735,0.008477239460358292,0.008071362209977617,5.465203946915775
3736,0.008005691528232255,0.007615556883581207,5.461993191522502
3737,0.008413537202941534,0.008074330321187526,5.454306744925561
3738,0.0079154639071637,0.007450861448224577,5.461352951383583
3739,0.010091708054278052,0.009546605001662403,5.4606888021834
3740,0.008851628929974638,0.008451515471811897,5.423736157609882
3741,0.01144176201612108,0.011082417280519214,5.4105757876187734
3742,0.007984646487769944,0.007446955793391128,5.430584670371656
3743,0.007977532609174809,0.00752159072334512,5.426964274994202
3744,0.008011612669455041,0.00750885921842653,5.445478772813541
3745,0.008078652222691725,0.007617395827587991,5.442255346693973
3746,0.008530511114230747,0.008064250551067851,5.462732540910621
3747,0.009278520644162094,0.008883221162588145,5.435561663981227
3748,0.0081007227131617,0.007608750540960247,5.454238483675608
3749,0.009088163828060512,0.008562849676543187,5.471255876224996
3750,0.008152868111911673,0.007713305742098173,5.46355365019894
3751,0.008501795978849905,0.007909579329097909,5.485875255729296
3752,0.009614309920378908,0.008963653896074666,5.493645669528149
3753,0.008242344495532168,0.007649514676709471,5.446266844746102
3754,0.015117252357776683,0.014495685506459249,5.445328037067391
3755,0.00792986892857455,0.007446038240551104,5.451588256369517
3756,0.009176378807536441,0.008787657756749946,5.421876666530123
3757,0.01111212629204037,0.010776873170148075,5.42532706002662
3758,0.008032405037967328,0.007531813446634474,5.462757454471172
3759,0.008289675092216104,0.007866667014171318,5.445853987308977
3760,0.008128130488559577,0.007590812916965267,5.4626258620535495
3761,0.008399745300528927,0.007792866707955158,5.457385635325421
3762,0.008207011921863322,0.007679152211053097,5.45602769719385
3763,0.008558712249074662,0.008088475746041397,5.45953085124436
3764,0.007874531011594991,0.007288675297792784,5.498096944399279
3765,0.009601815265923064,0.009008178188696335,5.456898193014939
3766,0.009115631746038895,0.00856960903993036,5.43820815351123
3767,0.008333121667143045,0.007839759659187519,5.439392522587708
3768,0.008023649887293637,0.007516261377409484,5.446499183514687
3769,0.008014010876179672,0.007469911939333197,5.443568595055227
3770,0.007942624177191866,0.007350081542406666,5.452973588393597
3771,0.008143496040651824,0.007532644952063844,5.455078097690718
3772,0.007931777675103783,0.007419531878704935,5.4263996908761305
3773,0.007933342027022726,0.0074700073975847775,5.456919837196517
3774,0.00918635376332109,0.008656767315842308,5.462598038985941
3775,0.008525636297348618,0.008117511072248472,5.441518172389687
3776,0.008269698839364984,0.007747985743044824,5.433676165628796
3777,0.007971539867515857,0.007418075273864176,5.440708746874715
3778,0.008152298429588282,0.007563683661964485,5.455613505124766
3779,0.007954633350159135,0.0074064506099574615,5.421059027457055
3780,0.007978991573448443,0.00747254495053516,5.425250986549294
3781,0.007917358511156502,0.007451331106144556,5.437779125240509
3782,0.007939018602513885,0.007415218295777551,5.459800379701617
3783,0.008976953621893732,0.008522587414426292,5.469818838384917
3784,0.008590867402524611,0.008027321758027046,5.499574982447745
3785,0.00827548626580241,0.007716064376832716,5.491729622559604
3786,0.008675425022098643,0.008120771673791162,5.463452723921181
3787,0.010731602385744887,0.010115678200381915,5.506983882480034
3788,0.008167660191766402,0.007696954013853454,5.481030423118378
3789,0.008487561665813244,0.007950866827492815,5.474596660427368
3790,0.007901154088715535,0.0074498766280963,5.467697709632586
3791,0.009308168630493873,0.008973391947017812,5.447168639924672
3792,0.008401968964199613,0.007926804490584615,5.447175505771529
3793,0.008022109929506268,0.007612915759006741,5.452811281542212
3794,0.007927489757466096,0.007519897902467173,5.4383989730704005
3795,0.011049691814411098,0.010732170635644774,5.420269155074177
3796,0.007986109947949887,0.00757100585503148,5.447619876197216
3797,0.00793861681421257,0.00745328811624318,5.486448153480575
3798,0.008349877177733027,0.007959627096867827,5.475310515605773
3799,0.012690904415271827,0.01234755087759848,5.46893492848986
3800,0.00802773711133112,0.007604955153378984,5.49930268459179
3801,0.007883919787596876,0.007444843529118812,5.498193139516861
3802,0.007887475082361458,0.007473437537323768,5.470366812283338
3803,0.00808447535067986,0.007593652951979205,5.480923537107181
3804,0.008679154815811772,0.008250145405361687,5.4557477275001585
3805,0.00914799880059051,0.008592022138124903,5.456866706782847
3806,0.009967977926779552,0.009371498612617622,5.460972781206832
3807,0.00987080831245239,0.009358594961309375,5.4472968410943245
3808,0.007911266238034339,0.007508691041484438,5.451243314381169
3809,0.00926532370536399,0.008862309066823322,5.451717756251083
3810,0.009571405882749219,0.0090041175444458,5.483927873136239
3811,0.007987947774456806,0.0075331443081829265,5.4626541030939695
3812,0.007921584453794085,0.007385282412594354,5.444837281695902
3813,0.008791839139392906,0.008187290011548996,5.4541904104215195
3814,0.008367060131269552,0.007928447503554245,5.455147883091842
3815,0.008107065658712944,0.007669786031797382,5.447105134340589
3816,0.008077171973249964,0.007644393331124894,5.448672674939758
3817,0.007993747784939047,0.00754936464267334,5.436985752452747
3818,0.008087431372260107,0.007688065425114371,5.44483688379391
3819,0.013018530026636872,0.012456455628624229,5.459992161140841
3820,0.008410597739172953,0.007958568297977451,5.4564779208457
3821,0.007910167675037138,0.007444087398829416,5.451430015393035
3822,0.008148503570590944,0.007778065543262637,5.443889134805456
3823,0.008289243153520138,0.0077861783313112505,5.469071400575016
3824,0.007965975908501602,0.007450581685949553,5.484209937252385
3825,0.008819952029247815,0.00844041806517618,5.4447213396773835
3826,0.008379413724297085,0.00794447150756509,5.469218108316021
3827,0.007968998214409774,0.007520063568066481,5.4603767146893665
3828,0.0080993663721317,0.007717134386103421,5.455628126346452
3829,0.007984998603420517,0.007600411941842535,5.452194340656141
3830,0.008851242040981967,0.008432673746545449,5.464493153853353
3831,0.008029801154462281,0.007597089963093356,5.465529097062683
3832,0.008822911405269331,0.008328851193392349,5.439683555044784
3833,0.008225141868533644,0.007811046975131751,5.4531598821726535
3834,0.007943896227921531,0.007439425307619508,5.473352394403403
3835,0.008171998902618577,0.007653357413896224,5.466271552887793
3836,0.008659435154016005,0.00815335252407426,5.458102241564768
3837,0.008258449163324395,0.007693951431078616,5.432763196450353
3838,0.008387939498719328,0.007920131226857327,5.446479978085431
3839,0.00792116205896165,0.00743435393601688,5.445922790164175
3840,0.008571683494355482,0.008153074027138758,5.438844416247666
3841,0.008418163630622729,0.007987750468320304,5.450448855359008
3842,0.00845114985157049,0.007956402824067703,5.449506724418729
3843,0.012246567769957122,0.011985290838194322,5.450913134289816
3844,0.007903028392015064,0.00752063821251917,5.454262052619002
3845,0.008218985660538018,0.007750380862819813,5.451873577971305
3846,0.008208054941289407,0.007800175344219501,5.4411585169985015
3847,0.007900051350397928,0.007441073214866752,5.459437162444674
3848,0.008087186791605142,0.007664987141936314,5.446104495115117
3849,0.009133006043954981,0.008682253580984433,5.474910769251364
3850,0.007918988023429312,0.007384436251201643,5.4894254165059255
3851,0.008039107889675228,0.007536826484214719,5.466344384532123
3852,0.007891113445721486,0.00738895122981605,5.464770547301332
3853,0.008357697070915418,0.007823344533522427,5.45384569102659
3854,0.008799857205016649,0.00843498603318535,5.425593322171614
3855,0.00848871590362874,0.008031159925280003,5.4478762370563185
3856,0.00814963082510235,0.007774742523060151,5.452582461722902
3857,0.007925759132533308,0.007515705507576913,5.448564072434999
3858,0.011670600851713774,0.01137452277742901,5.444292348846334
3859,0.00986672581602235,0.0094366135660941,5.463031239956088
3860,0.00790346746149156,0.007423661968583637,5.4559252123646225
3861,0.00790991050795644,0.0073966787173819016,5.477544997208605
3862,0.00830398478752553,0.007737712389267709,5.474084231132004
3863,0.009459349164332926,0.008921258425346464,5.453197220689296
3864,0.007961033415666927,0.007418789624201366,5.4889776683173865
3865,0.007938502530244194,0.0075167192377410584,5.476971252635783
3866,0.007946179027361621,0.007510606693877633,5.455029197630621
3867,0.007976079277301255,0.0075417942110412,5.4327729833264655
3868,0.008008450242788522,0.00759139323981281,5.442283410137495
3869,0.008086778756988763,0.007607118122613813,5.437099381920181
3870,0.00931983320052429,0.008952578331759622,5.429537601482755
3871,0.007926934536116832,0.0074676188303745535,5.4301062213187645
3872,0.008040996139620176,0.007628614826947563,5.419226855851442
3873,0.009693129420071424,0.00920892928221729,5.441527386616045
3874,0.00820611157972381,0.007769248803494697,5.434542688374499
3875,0.008066403919436037,0.007619229667571663,5.4466128033097725
3876,0.010209521077740367,0.00982420041494093,5.457558791604926
3877,0.008152161627327178,0.007759902270963776,5.435631861033004
3878,0.0085985726433485,0.00811841754043111,5.448027072953702
3879,0.008151568858057706,0.007693054699756352,5.4471738557881135
3880,0.00790558875250025,0.007464903190011147,5.453198974331139
3881,0.007891383648102226,0.007513867020582971,5.466765051510089
3882,0.008971096383238262,0.008516880385423378,5.462955310189318
3883,0.007941893870834094,0.007560633238426592,5.456250097892685
3884,0.008048408671175665,0.007681483138107528,5.459466379441883
3885,0.008331458481935772,0.007949805028502498,5.47724389866658
3886,0.00791759815871883,0.00748619023829587,5.477536974318044
3887,0.008544042470043787,0.00813756722082756,5.4494700672423075
3888,0.00863159495442616,0.008147889467436241,5.464233350828842
3889,0.010069604214418555,0.009641602831304866,5.452495238953712
3890,0.00816670505802796,0.007618017607112875,5.4451257032704925
3891,0.010289866345842322,0.009988126127565475,5.437327993007409
3892,0.008062806110583385,0.007630014380212796,5.469888864526689
3893,0.00794926804189595,0.007520856378377035,5.464105162370134
3894,0.007994015589898009,0.007562807823355142,5.452319286443661
3895,0.012860007941165784,0.012509291456981734,5.446468764765371
3896,0.00879175751635519,0.008404375242628138,5.4550099793381985
3897,0.008612174918050115,0.008224034367309967,5.463069923349891
3898,0.008309133483845817,0.007783831758090489,5.45982552766308
3899,0.008530708847307633,0.00801557521785317,5.464079600618219
3900,0.009114968141498123,0.008595678548004705,5.4530935194807855
3901,0.009753908013594484,0.009339648645866951,5.4344265332279935
3902,0.008280798141261324,0.007802524860801699,5.4626881171396136
3903,0.009040220239302368,0.008629620058250062,5.456985041395572
3904,0.008581897896681893,0.008089783655812973,5.4736850033768345
3905,0.008937505222176697,0.008406071140632911,5.477391747585722
3906,0.008301500373327502,0.007845423932027622,5.467105981585059
3907,0.00988705786080175,0.009310535880473267,5.476602623775554
3908,0.00793721235624335,0.007377873618658541,5.462086120317027
3909,0.008228118666237447,0.007762673787102943,5.418070645581883
3910,0.008113570681860293,0.007704076374294897,5.426389629994308
3911,0.007938570169558642,0.0074576265764408015,5.450599826859201
3912,0.008150057405287051,0.0076809620145766285,5.428217642591017
3913,0.007999968334581933,0.007569334278096103,5.429007620298132
3914,0.008650805060293441,0.008228583242004567,5.43690216787291
3915,0.008420839618096136,0.007949649694860686,5.449112917380914
3916,0.00878966751301768,0.008369230279538627,5.459413873002636
3917,0.008332254010910041,0.007734812334517232,5.466457335588652
3918,0.009260653628232147,0.008842114010204587,5.442210882315508
3919,0.008756388242100255,0.008312828274908925,5.444530735279423
3920,0.007932374360250696,0.007470232853024551,5.451465706652191
3921,0.0080803713423251,0.007551983906695706,5.44821316679611
3922,0.007972399422959348,0.007463796044485619,5.440287274738951
3923,0.00792477750741537,0.007427511198012828,5.44742945104991
3924,0.0094536518152821,0.008805772272821798,5.480812388468584
3925,0.007903646673538336,0.007313824401138395,5.466051988177615
3926,0.007939674417042901,0.007328443935297983,5.4914195089398685
3927,0.00806389315452693,0.007540929348626711,5.464151157829518
3928,0.009014308399240426,0.008463265558164073,5.458732215474531
3929,0.008062635697246115,0.007624433654854706,5.484157641795058
3930,0.008420868255303282,0.007946722181341005,5.4659809961755315
3931,0.007880038271854514,0.007382867290192697,5.474039819661913
3932,0.00939306065104766,0.008899638548031368,5.46780481114264
3933,0.007879501238388834,0.007413381213234991,5.477277923558236
3934,0.008102959772607075,0.007683334710053219,5.482173987262039
3935,0.007883392252589686,0.007406680524943349,5.487186438821899
3936,0.009018460806481115,0.008496973655649664,5.4818855601864485
3937,0.008232994747006896,0.007819907399312626,5.452883161723494
3938,0.008036414523819186,0.007578219997696331,5.469514779806561
3939,0.008190009875573829,0.007700586725854977,5.500459372074964
3940,0.007890460530227737,0.007451726228207969,5.4807656970577145
3941,0.00807235901224193,0.007596124896875835,5.4691069982634435
3942,0.008358158406528711,0.007861274731908336,5.479782968302786
3943,0.00817373008885326,0.0077429221695036205,5.480492071260883
3944,0.008867333374502686,0.008332841826895223,5.493517982206729
3945,0.007884489083785137,0.007429585551419337,5.474267632646193
3946,0.007889715085285767,0.007421605469379095,5.470445338609007
3947,0.007932820715772632,0.007495007615072386,5.461936633722396
3948,0.007926909249226009,0.007474848671733749,5.4732829119298785
3949,0.007946239372605869,0.0074525107966330354,5.45935195853923
3950,0.008462033536571748,0.008086928885151756,5.44101626084754
3951,0.009525862314436962,0.009121977565629545,5.462528469893469
3952,0.007913490955945134,0.007464304534843083,5.443653253757294
3953,0.008011905926273977,0.007525979675323155,5.4369627364532676
3954,0.007933775058440859,0.007431128709026689,5.438734324691575
3955,0.00791176451322113,0.007413081467036219,5.445360949100891
3956,0.008327476099304268,0.007854427437897453,5.4407657332598705
3957,0.008342009177894176,0.007827856516000237,5.451240914783914
3958,0.008077649983694996,0.007497814500116619,5.461041223974615
3959,0.008040639515031296,0.00744720562164071,5.471834808632098
3960,0.008167176695737105,0.007696208701205065,5.448711855441726
3961,0.008088258656084453,0.007579081090191135,5.453742754708649
3962,0.009680554785819886,0.009197768817058067,5.453566200247227
3963,0.00790207288435577,0.007384068895769082,5.455727844895538
3964,0.008317263807808914,0.007779221318162609,5.454172463501116
3965,0.007964454591244577,0.007556760189890671,5.4365311658076125
3966,0.008035159959059445,0.007646727203960569,5.439127400358428
3967,0.008177004534651216,0.007657916593603354,5.449237137859484
3968,0.008601861418587608,0.008058055491322831,5.460893648412361
3969,0.009798901401959355,0.009369869730545632,5.468181054479939
3970,0.008073316610374337,0.007525929751144087,5.474926080866344
3971,0.00827753578587151,0.007818162294980675,5.439696910879186
3972,0.010605694570509638,0.010240398379845543,5.454157393187298
3973,0.008127245073766845,0.007576921547204533,5.489282259525206
3974,0.007879754630261165,0.007308123199630638,5.507391413737348
3975,0.00788863325407314,0.007385078118563449,5.478929020004102
3976,0.00811476374294313,0.007598073572869209,5.48571187818731
3977,0.0079116888532235,0.007491566060307318,5.453382799403105
3978,0.008272698686297082,0.007911300792007395,5.441872167802911
3979,0.009554516591660301,0.009050579841247885,5.445313267517699
3980,0.008036907136013178,0.007660470469391819,5.436893657278571
3981,0.008460845755480107,0.008074139672652596,5.430279802071272
3982,0.00898467719099483,0.008679044657739018,5.428422764507161
3983,0.0081752760081288,0.007839571785340022,5.4324785029836615
3984,0.007923770469906824,0.007469190463376567,5.444031801694898
3985,0.007903620914033209,0.00743106970311412,5.454603147020498
3986,0.007886225962616556,0.007361325689685099,5.471612626593984
3987,0.007870514228334262,0.007365601282093911,5.484884741245043
3988,0.007876139443632886,0.007381516522913947,5.482586682666387
3989,0.008377609546042282,0.00787441978311923,5.470841148027619
3990,0.009004848988882801,0.008517621671433507,5.468081897232796
3991,0.007870976843897334,0.007388510633340073,5.484867335624376
3992,0.008151604764788453,0.007673802515923413,5.472717035199208
3993,0.008402247699830865,0.007833343420662482,5.487779840788583
3994,0.008535363693074892,0.007974231850712174,5.472445666841708
3995,0.007872592391990037,0.007342228652087973,5.487761106845102
3996,0.009267496546404491,0.008898270083977481,5.466508125720258
3997,0.008429441296751331,0.008015875587555506,5.449247096436641
3998,0.008195049615992201,0.007759735240547596,5.468581579878899
3999,0.00789853339108606,0.007439249975190773,5.468370822804149
